"GenesetID"	"GenesetName"	"ElementSize"	"EntrezID"
"M10183"	"BIOCARTA_RELA_PATHWAY"	16	"8517,1147,2033,5970,7124,3551,7133,8841,7132,7189,8772,1387,8737,4790,4792,8717"
"M4383"	"BIOCARTA_NO1_PATHWAY"	33	"5140,805,58,124827,801,5577,3827,6262,1128,7422,3320,6541,5139,5138,624,147908,121916,4846,1134,2321,3791,5567,7135,5568,2324,857,207,5573,5576,5575,808,5592,5593"
"M6327"	"BIOCARTA_CSK_PATHWAY"	24	"7535,1445,920,5577,5567,915,5568,916,917,2778,2792,6957,2782,6955,5573,5576,919,1387,5575,107,3932,5788,3123,3122"
"M10994"	"BIOCARTA_SRCRPTP_PATHWAY"	11	"1445,6714,994,995,5579,2885,993,5578,891,5786,983"
"M15394"	"BIOCARTA_AMI_PATHWAY"	20	"2159,7035,2147,1282,2149,1284,1285,1286,5627,2266,5624,2243,5340,462,2244,5327,1288,51327,1287,2155"
"M5467"	"BIOCARTA_GRANULOCYTES_PATHWAY"	14	"5175,7124,3552,3683,3684,3383,6402,6403,3458,6404,727,3689,1440,3576"
"M1469"	"BIOCARTA_LYM_PATHWAY"	11	"6402,7412,3676,3688,3689,5175,3552,3683,947,3576,3383"
"M2482"	"BIOCARTA_ARAP_PATHWAY"	18	"8853,9265,9266,9267,55738,26286,1314,1313,27128,11015,8729,10945,375,10564,1212,11014,10565,2822"
"M6220"	"BIOCARTA_AGR_PATHWAY"	36	"3725,5599,5063,58,1956,3084,5913,1605,1128,5062,3909,3908,10298,7402,5829,10718,57144,1756,2017,6714,5747,3672,1134,5058,6667,9815,1855,9542,4593,3688,5595,3910,5879,56924,998,5594"
"M5731"	"BIOCARTA_AKAP95_PATHWAY"	12	"5571,5515,5576,5499,5577,1655,5567,5568,891,10270,9918,983"
"M15258"	"BIOCARTA_AKT_PATHWAY"	22	"842,8517,4303,1147,2308,2309,5970,5170,2690,3551,207,5290,2688,5515,356,3320,7533,572,4790,5294,5295,4792"
"M17400"	"BIOCARTA_ALK_PATHWAY"	37	"4208,7471,4879,4878,9241,2932,2626,1499,7042,8646,6927,4633,7040,8321,1386,4090,7049,7048,7046,1482,7043,4091,659,657,90,5981,652,324,650,6885,655,1855,653,27302,8312,4089,4086"
"M14899"	"BIOCARTA_AT1R_PATHWAY"	36	"3725,4208,4209,3265,805,5599,4207,5894,124827,5579,4205,6464,1956,2002,5578,801,6416,1386,147908,121916,6714,5747,5605,4214,5604,2776,5058,183,2885,185,5595,808,2185,5879,6654,5594"
"M12950"	"BIOCARTA_ACE2_PATHWAY"	13	"59272,1282,1284,5972,1285,1286,1215,183,185,1636,186,1288,1287"
"M7298"	"BIOCARTA_ASBCELL_PATHWAY"	12	"959,958,920,355,941,356,940,3565,3586,3123,3122,3558"
"M7239"	"BIOCARTA_DNAFRAGMENT_PATHWAY"	10	"1676,1677,840,3148,3146,3002,7155,2021,7153,836"
"M3873"	"BIOCARTA_CHEMICAL_PATHWAY"	22	"842,5747,596,840,637,5579,598,6772,5578,317,581,1965,839,207,7157,836,54205,472,7094,572,5829,142"
"M8731"	"BIOCARTA_SPPA_PATHWAY"	22	"6714,3265,5747,2147,3672,23236,5894,5579,2149,5321,5578,5742,5604,2770,2792,3688,2782,6850,6916,9002,5595,5594"
"M10628"	"BIOCARTA_ATM_PATHWAY"	20	"3725,11200,5599,4361,672,4683,5970,1111,4193,25,1026,7157,1647,472,5888,7161,10111,4790,4792,5932"
"M19829"	"BIOCARTA_AGPCR_PATHWAY"	13	"5579,5578,5577,5567,5568,2778,408,2792,2782,5573,5576,5575,2868"
"M4835"	"BIOCARTA_BCELLSURVIVAL_PATHWAY"	16	"840,3672,332,331,207,836,3727,2475,10575,5977,5290,3688,51341,2353,5294,5295"
"M1473"	"BIOCARTA_BLYMPHOCYTE_PATHWAY"	11	"958,941,3689,1378,3683,5788,3123,1380,3122,3383,2213"
"M9494"	"BIOCARTA_BCR_PATHWAY"	37	"3725,3265,805,5599,4776,5894,124827,1432,5579,6464,2002,5578,801,4775,5533,6850,147908,121916,695,29760,4214,5604,7409,973,5532,974,5530,5335,2885,5595,808,4773,2353,4772,4067,5879,6654"
"M13494"	"BIOCARTA_BIOPEPTIDES_PATHWAY"	45	"3265,2147,805,5599,6774,5894,124827,6775,5579,1432,6772,6464,5578,6773,801,3827,2767,2770,2792,4638,147908,121916,5605,815,4137,816,817,5604,818,3717,1020,2782,5335,183,2885,186,6777,5595,6776,2534,808,2185,6778,6654,5594"
"M4557"	"BIOCARTA_NEUROTRANSMITTERS_PATHWAY"	6	"2571,7054,3067,1621,5409,7166"
"M2602"	"BIOCARTA_RANKL_PATHWAY"	14	"5599,2355,5970,10379,5610,8061,7189,3456,8792,3454,3455,4790,2353,8600"
"M3412"	"BIOCARTA_CACAM_PATHWAY"	16	"57172,814,805,815,124827,816,817,818,801,1385,808,8536,84254,10645,147908,121916"
"M4388"	"BIOCARTA_CDMAC_PATHWAY"	16	"3725,3265,23236,5894,5579,5578,5970,5604,7124,50624,5595,4790,2353,4792,4609,5594"
"M2499"	"BIOCARTA_CARM_ER_PATHWAY"	35	"4208,27043,10891,2033,2071,2099,8841,190,8204,55869,10014,23013,79885,10011,23426,6908,1387,10013,2957,595,51564,9612,126961,672,9734,9759,5469,10498,2962,2960,3065,5430,3066,11331,83933"
"M17902"	"BIOCARTA_CASPASE_PATHWAY"	23	"843,842,841,840,329,317,837,330,331,839,834,4000,836,4001,835,5551,1676,54205,1677,3002,397,84823,142"
"M16973"	"BIOCARTA_CBL_PATHWAY"	13	"1436,6714,5156,5579,1956,5578,51100,867,1950,30011,2885,4233,56904"
"M9152"	"BIOCARTA_CCR3_PATHWAY"	23	"27035,3265,5747,4660,23236,5894,5579,5578,5604,2776,2778,1072,1232,3984,4633,2792,2782,387,6356,5595,5288,9475,5594"
"M16697"	"BIOCARTA_CD40_PATHWAY"	15	"959,958,8517,1147,8518,4214,5970,3551,1843,7189,7187,7128,9020,4790,4792"
"M6682"	"BIOCARTA_MCM_PATHWAY"	18	"23594,4173,4172,4175,81620,4174,4176,1017,1027,4171,4998,4999,5000,4254,5001,990,898,23595"
"M648"	"BIOCARTA_G1_PATHWAY"	28	"1869,7027,2932,1029,1027,1026,983,7042,8900,1030,7040,7043,595,1017,1019,25,5925,6502,7157,1021,1719,993,472,545,3065,4088,4089,898"
"M8560"	"BIOCARTA_G2_PATHWAY"	24	"10971,4661,11200,2033,672,1111,7465,4193,1026,7157,983,1032,997,994,995,1647,993,5347,545,472,7533,891,5591,6195"
"M12851"	"BIOCARTA_CELL2CELL_PATHWAY"	14	"1445,5747,6714,5175,7414,9564,1496,1499,29119,87,1495,5829,88,89"
"M3952"	"BIOCARTA_LAIR_PATHWAY"	17	"7124,3827,3552,3683,3383,7412,6403,729,3676,6404,3688,718,727,3689,730,3569,3576"
"M19943"	"BIOCARTA_CERAMIDE_PATHWAY"	22	"841,8439,596,5599,5894,4214,5970,581,5604,7132,6416,6609,54205,7186,8772,8737,5595,572,4790,8717,9131,5594"
"M9546"	"BIOCARTA_TID_PATHWAY"	19	"3303,5970,7124,3551,5925,7133,9093,3460,7490,7157,7132,3717,30851,10083,8825,3458,3459,4790,4792"
"M7146"	"BIOCARTA_CLASSIC_PATHWAY"	14	"735,717,716,729,718,727,713,712,715,714,721,720,731,730"
"M917"	"BIOCARTA_COMP_PATHWAY"	19	"5648,735,717,716,729,718,727,713,1675,712,715,714,4153,721,720,10747,731,730,629"
"M13404"	"BIOCARTA_VDR_PATHWAY"	12	"10499,10498,8648,9611,8850,2033,1387,7249,3065,6256,8202,5469"
"M1547"	"BIOCARTA_HDAC_PATHWAY"	32	"4208,4209,805,57172,4207,124827,1432,4205,801,3479,5533,10014,3480,3630,147908,121916,4654,23523,5608,207,5532,5530,5290,7533,808,3643,8536,4773,5598,4772,5294,5295"
"M10066"	"BIOCARTA_GCR_PATHWAY"	22	"805,4846,124827,301,4878,5970,2908,801,10699,2778,207,154,5290,2792,2782,3320,808,4790,5294,147908,5295,121916"
"M11420"	"BIOCARTA_CTCF_PATHWAY"	23	"5728,1029,4193,1027,973,7157,974,2475,7042,5290,7040,6198,5515,4090,7049,4089,7048,7046,5294,5295,4609,4086,7043"
"M1462"	"BIOCARTA_CTL_PATHWAY"	15	"915,916,917,3683,3383,5551,355,6957,6955,356,3689,919,3002,567,3105"
"M882"	"BIOCARTA_CXCR4_PATHWAY"	24	"3265,5747,5894,5579,5578,5970,5604,9564,2776,1398,2770,5290,6387,2792,2782,5335,5595,7852,2185,5288,4790,5295,5829,5594"
"M17770"	"BIOCARTA_CELLCYCLE_PATHWAY"	23	"595,1869,7027,1017,1029,1019,5925,1027,1026,983,1032,8900,1030,1021,1031,1022,993,5933,894,891,898,902,896"
"M12399"	"BIOCARTA_CFTR_PATHWAY"	12	"7430,1080,9368,5573,5576,5577,5575,107,5567,5568,2778,154"
"M17406"	"BIOCARTA_CYTOKINE_PATHWAY"	22	"3593,4049,3596,3599,3562,3592,3605,3606,7124,3603,3552,3600,3458,3456,3439,3565,3567,3586,3578,3569,3576,3558"
"M6910"	"BIOCARTA_INFLAM_PATHWAY"	29	"1437,920,1435,4049,3562,7124,3600,7042,7040,3458,3456,3439,1440,7043,3558,3576,3593,3596,5154,3592,3574,3552,3565,3567,3586,3569,3123,3589,3122"
"M15513"	"BIOCARTA_D4GDI_PATHWAY"	13	"843,3725,842,841,317,394,834,836,5551,54205,3002,397,142"
"M9177"	"BIOCARTA_DC_PATHWAY"	22	"1437,3593,958,3596,3562,3592,914,945,54106,290,924,921,3458,3687,3456,7099,3439,3565,51284,7097,3567,3586"
"M12718"	"BIOCARTA_P35ALZHEIMERS_PATHWAY"	11	"1020,8851,823,4137,1453,5515,1452,826,2932,84290,351"
"M10570"	"BIOCARTA_RNA_PATHWAY"	10	"1147,5970,9020,8894,1965,4790,5611,4792,5610,7157"
"M225"	"BIOCARTA_MTA3_PATHWAY"	19	"80086,7846,5174,226,2099,6591,57504,53615,3315,3316,7278,7277,2597,9112,3065,84790,1509,6615,999"
"M6031"	"BIOCARTA_SKP2E2F_PATHWAY"	10	"8900,997,1869,8454,7027,1017,5925,6502,898,6500"
"M3430"	"BIOCARTA_CALCINEURIN_PATHWAY"	21	"805,4776,124827,5579,5578,801,4775,2776,6667,1026,5532,5533,5530,4082,5335,6670,808,4773,4772,147908,121916"
"M1909"	"BIOCARTA_EGF_PATHWAY"	31	"3725,1457,6722,3265,5599,6774,5894,5579,6775,1956,2002,5578,6464,6772,6773,1950,6416,4214,5604,3716,5921,5290,5335,2885,6777,5595,6776,2353,6778,5295,6654"
"M15371"	"BIOCARTA_ETC_PATHWAY"	12	"54205,6389,6392,6390,6391,293,4512,4694,498,7384,291,2820"
"M5940"	"BIOCARTA_NDKDYNAMIN_PATHWAY"	21	"8871,805,124827,2060,801,5532,1759,5533,274,5530,273,8301,4830,4831,160,808,8867,147908,121916,1173,29924"
"M16334"	"BIOCARTA_EPHA4_PATHWAY"	10	"6403,3688,3672,5908,58,2043,2534,2047,4067,3897"
"M12836"	"BIOCARTA_EPO_PATHWAY"	19	"1457,3725,3265,2056,5599,5894,2002,6464,5604,3717,5335,2885,6777,5595,6776,2353,5777,6654,2057"
"M6355"	"BIOCARTA_ECM_PATHWAY"	24	"6093,6714,3265,5747,3672,5894,6464,2934,394,5604,5290,4633,3688,1729,4638,387,7094,5595,2534,5294,5295,5829,5216,5594"
"M287"	"BIOCARTA_ERK_PATHWAY"	28	"3265,6774,5894,1956,2002,6464,2872,8569,3480,5801,2792,4803,5515,4804,6714,5605,5156,9252,5604,2778,3688,2782,2885,5595,4609,6654,5594,6195"
"M9367"	"BIOCARTA_ERYTH_PATHWAY"	15	"1437,2056,3562,2322,3479,6348,3552,7042,7040,4254,1440,3569,3578,7043,3589"
"M6917"	"BIOCARTA_EPONFKB_PATHWAY"	11	"2902,2056,6648,405,5970,3091,4790,1026,4792,3717,2057"
"M7721"	"BIOCARTA_EIF_PATHWAY"	16	"1938,10209,1968,1965,8661,1964,3692,8672,1982,1983,29904,1981,1973,1974,1977,8894"
"M4470"	"BIOCARTA_EXTRINSIC_PATHWAY"	13	"2159,7035,2147,2149,2266,5627,5624,2243,462,2244,2152,2153,2155"
"M9503"	"BIOCARTA_FAS_PATHWAY"	30	"843,3725,5783,841,840,5599,8767,5062,6709,4000,4001,6416,8772,8837,84823,4214,5058,5925,839,6885,836,1616,355,1676,1677,356,397,11124,5591,142"
"M1908"	"BIOCARTA_FCER1_PATHWAY"	41	"3725,3265,5599,805,4776,5894,124827,5579,6464,2002,801,4775,5062,5533,6416,6850,2207,2205,147908,121916,695,5321,4214,5604,7409,5609,5532,5530,5290,5335,2885,5595,808,4773,2353,4772,5294,4067,5295,6654,5594"
"M3061"	"BIOCARTA_FEEDER_PATHWAY"	9	"4351,3098,3795,11181,5236,3938,7167,5837,5836"
"M2842"	"BIOCARTA_FIBRINOLYSIS_PATHWAY"	12	"2147,1361,2149,2244,5327,2266,2162,5054,2243,5055,5328,5340"
"M10287"	"BIOCARTA_FMLP_PATHWAY"	39	"3265,23236,805,57172,2357,4776,5894,124827,1432,2002,5970,2769,801,4775,5533,2792,5288,147908,121916,5605,5606,4214,4688,5604,654817,5058,5608,5532,5530,2782,5595,808,8536,4773,4790,4772,5879,4792,5594"
"M96"	"BIOCARTA_FREE_PATHWAY"	10	"27035,6647,2936,7498,2937,2876,5970,7124,4790,3576"
"M477"	"BIOCARTA_GABA_PATHWAY"	10	"10243,6714,2558,2559,2556,2557,2554,2555,11337,1759"
"M1394"	"BIOCARTA_GATA3_PATHWAY"	16	"3596,2625,1432,5606,5577,5567,5568,3726,5573,5576,5575,3565,4773,3567,4772,4094"
"M15109"	"BIOCARTA_GLYCOLYSIS_PATHWAY"	10	"3098,5223,7167,5230,2597,5313,229,2023,2821,5211"
"M3075"	"BIOCARTA_SET_PATHWAY"	11	"5551,1676,1677,3148,4830,328,3002,1387,6418,3001,8125"
"M9043"	"BIOCARTA_GH_PATHWAY"	28	"6722,3265,5894,5579,5578,6464,6517,8651,6927,3630,5777,5604,2690,3717,5290,2688,5335,2885,5595,3667,6777,6776,3643,5294,5295,6654,5594,6195"
"M19553"	"BIOCARTA_AHSP_PATHWAY"	13	"211,212,3039,210,2623,1371,2235,7390,3040,51327,3145,7389,3043"
"M16519"	"BIOCARTA_TCAPOPTOSIS_PATHWAY"	11	"920,355,1234,6957,6955,356,919,940,915,916,917"
"M13968"	"BIOCARTA_HIVNEF_PATHWAY"	58	"842,841,840,1147,7124,330,331,5062,984,4000,4001,8738,8772,4926,8837,8737,84823,5580,4217,5747,637,4214,5609,4193,839,5925,7133,836,7132,835,5921,1616,71,4790,5591,4792,9530,5599,2934,5970,317,5664,5663,6709,7186,9020,7185,8717,596,329,355,1676,54205,1677,356,397,728642,142"
"M16120"	"BIOCARTA_SALMONELLA_PATHWAY"	13	"58,8976,8936,10093,10092,10552,10097,10096,10095,10094,10109,5879,998"
"M13883"	"BIOCARTA_MPR_PATHWAY"	34	"3265,4661,58,5577,983,2770,2792,10487,107,54852,6714,5300,5241,5567,5568,2778,164091,10093,10092,995,10552,2782,10097,5573,10096,5576,10095,5575,10094,5595,891,10109,6195,5594"
"M8353"	"BIOCARTA_HCMV_PATHWAY"	17	"5605,1432,5606,4214,5970,5604,5925,1385,5608,6667,207,5290,5595,4790,5294,5295,5594"
"M5202"	"BIOCARTA_P53HYPOXIA_PATHWAY"	23	"5599,1453,5243,1452,2033,3303,581,171221,3091,3090,4193,6872,1026,207,7157,1728,2274,1647,3320,3486,472,6117,4793"
"M13324"	"BIOCARTA_HIF_PATHWAY"	15	"3725,2056,4846,2033,3091,7428,1385,5034,10987,1906,444,7422,405,3939,3320"
"M2623"	"BIOCARTA_IGF1_PATHWAY"	21	"1457,3725,6722,3265,5599,5781,5894,6464,2002,5604,3479,5921,5290,3480,2885,3667,5595,2353,5294,5295,6654"
"M19422"	"BIOCARTA_IL17_PATHWAY"	17	"920,3562,3605,965,914,915,916,925,917,947,6957,4254,6955,919,1440,3569,3576"
"M7747"	"BIOCARTA_IL2_PATHWAY"	22	"1457,3725,3265,5599,5894,6464,2002,3561,5604,3560,3716,3718,6850,2885,6777,5595,6776,2353,3559,3932,6654,3558"
"M17681"	"BIOCARTA_IL3_PATHWAY"	15	"3265,3563,5894,3562,6464,5604,1439,3717,2885,5595,6777,6776,2353,5777,6654"
"M5415"	"BIOCARTA_IL4_PATHWAY"	11	"6198,2885,6464,3561,3667,3565,3566,6778,3716,207,3718"
"M18928"	"BIOCARTA_IL5_PATHWAY"	10	"1232,920,6356,3565,3553,3567,3568,3569,3123,3122"
"M5489"	"BIOCARTA_IL6_PATHWAY"	22	"1457,3725,6722,3265,3570,6774,5781,3572,5894,6464,2002,5604,7297,3716,3718,3717,1051,2885,5595,2353,3569,6654"
"M6778"	"BIOCARTA_IL10_PATHWAY"	17	"6774,6775,6772,6773,7124,644,645,3552,3716,3162,6777,6776,6778,3586,3587,3569,3588"
"M4319"	"BIOCARTA_IL12_PATHWAY"	23	"3725,3594,3593,5599,3595,6775,1432,3592,3606,915,916,7297,5608,917,3717,1234,3458,6957,6955,919,8809,2833,2119"
"M8615"	"BIOCARTA_IL2RB_PATHWAY"	38	"3265,1869,5894,6464,3561,3560,867,8651,5478,6850,8837,9021,572,3559,22806,5777,596,598,3716,207,3718,5290,355,6198,1399,2885,356,9111,6777,3667,5595,6776,2353,5294,5295,4609,6654,5594"
"M8066"	"BIOCARTA_IL22BP_PATHWAY"	16	"116379,6774,6775,6772,6773,7297,50616,3716,3718,3717,6777,6776,9021,6778,3587,58985"
"M1296"	"BIOCARTA_IL7_PATHWAY"	17	"596,2033,3561,3574,3716,3718,5290,1387,9111,6777,6776,2534,2185,5294,5295,3932,3575"
"M11106"	"BIOCARTA_GSK3_PATHWAY"	27	"7471,114609,5970,2932,5610,1499,2770,2697,4615,8321,3929,54472,5515,51176,3654,595,324,5170,23643,1855,207,5290,929,7099,8312,4790,5295"
"M14971"	"BIOCARTA_DEATH_PATHWAY"	33	"843,842,2620,841,840,1147,5970,317,8742,8743,330,331,4000,6709,8797,7186,8772,8837,8795,8737,9020,8717,8718,596,637,329,839,836,54205,1676,1677,4790,4792"
"M14512"	"BIOCARTA_RACCYCD_PATHWAY"	26	"8517,3265,1869,1147,5894,7027,5970,1027,1026,387,595,1017,3551,1019,5058,5925,207,5290,1021,5595,4790,898,4792,5295,5879,5594"
"M7897"	"BIOCARTA_GLEEVEC_PATHWAY"	23	"3725,3265,5599,5894,4214,6772,5604,207,3717,5290,6416,1399,2885,6777,5595,6776,613,572,2353,5294,5295,4609,6654"
"M765"	"BIOCARTA_INSULIN_PATHWAY"	22	"1457,3725,6722,3265,5599,5781,5894,6464,2002,5604,6517,5921,5290,2885,3667,5595,3630,3643,2353,5294,5295,6654"
"M3342"	"BIOCARTA_INTEGRIN_PATHWAY"	38	"3725,3265,823,5599,4660,58,5894,6464,826,7414,7791,7145,387,84290,87,5829,6093,1445,6714,5906,5747,3672,5605,5604,9564,857,2889,3688,1399,2885,7094,5595,2534,613,6654,88,89,5594"
"M15997"	"BIOCARTA_INTRINSIC_PATHWAY"	23	"2159,2158,2157,2147,1282,2149,1284,1285,1286,3827,5627,2266,5624,3818,2243,462,2244,2161,1288,710,2160,1287,2153"
"M19118"	"BIOCARTA_KERATINOCYTE_PATHWAY"	46	"3725,3265,5599,1147,5894,5579,1432,5578,1956,5970,7124,1950,1050,6416,7186,5515,8737,9020,5582,5583,5580,5581,4217,3204,596,5588,5606,4214,5603,5604,5609,3551,5608,7133,6667,7132,1616,355,356,5595,2113,2114,2353,4790,4792,5594"
"M10765"	"BIOCARTA_TCRA_PATHWAY"	13	"7535,920,915,916,917,6957,6955,919,2534,3932,3123,5788,3122"
"M4732"	"BIOCARTA_LECTIN_PATHWAY"	12	"735,717,729,727,718,4153,721,720,10747,731,730,5648"
"M7739"	"BIOCARTA_PYK2_PATHWAY"	31	"3725,3265,5599,805,5894,1432,5579,124827,5578,6464,801,6416,147908,121916,6714,5605,5606,4214,5604,2776,9564,5058,1399,5335,2885,5595,808,2185,5879,6654,5594"
"M18837"	"BIOCARTA_EGFR_SMRTE_PATHWAY"	11	"9612,7704,4214,1432,1956,5604,7068,7067,5914,6256,1950"
"M13863"	"BIOCARTA_MAPK_PATHWAY"	87	"4208,3725,4209,4149,4207,1147,5894,4205,6772,6464,2002,5062,1050,8569,6416,8737,1386,9693,5601,4217,8491,5602,5600,5605,9448,673,9252,5606,4214,5603,4215,5604,4216,5609,4294,4293,3551,5607,4296,1385,5608,6885,1326,7786,9064,11184,11183,6196,6197,1616,6198,6199,2885,5595,5596,8986,5597,4790,5598,5879,4792,4609,6195,5594,7867,3265,5871,5599,8550,1432,6300,5970,9261,7042,2872,7040,7186,369,9020,7046,8717,7043,5058,6667,9175,2353,10746"
"M8719"	"BIOCARTA_MCALPAIN_PATHWAY"	25	"824,3265,823,58,1956,826,5577,1950,4633,4638,84290,5829,2833,5747,3672,5567,5568,7430,3688,5573,5576,5575,5595,7094,5594"
"M2404"	"BIOCARTA_PPARA_PATHWAY"	58	"3725,7025,10891,5579,5578,5577,7124,336,335,948,2195,1387,3630,10062,4199,9612,9611,4843,3303,5743,3295,6256,5925,1854,10370,1375,65003,6777,5595,6776,4792,4609,5594,2419,4023,2168,2033,5970,8204,1843,5465,8648,10011,3320,5154,1962,5567,5568,6667,5469,5290,5573,5576,5575,51,8431,5294,5295"
"M14449"	"BIOCARTA_ETS_PATHWAY"	18	"3725,1436,9612,3265,1435,25942,1869,11218,1874,10014,23309,5934,2113,3066,5933,2114,2353,2117"
"M4956"	"BIOCARTA_MONOCYTE_PATHWAY"	11	"6402,6403,3676,3688,3689,5175,6401,3683,960,3684,3383"
"M16563"	"BIOCARTA_MTOR_PATHWAY"	23	"5728,5164,7249,5170,8661,8672,207,2475,5290,1982,8569,6198,2280,1981,7248,1973,5515,1974,1975,1977,1978,5295,6194"
"M19613"	"BIOCARTA_IGF1R_PATHWAY"	23	"3265,5894,6464,5577,5604,5567,5568,207,5290,3480,2885,5573,5576,5575,107,3667,5595,7533,572,5295,6654,6195,5594"
"M8516"	"BIOCARTA_PITX2_PATHWAY"	15	"7471,2033,8861,2932,324,1855,1499,5469,8321,8312,1387,51176,3065,5308,8295"
"M7860"	"BIOCARTA_NGF_PATHWAY"	18	"1457,3725,3265,5599,5894,6464,2002,5604,5290,5335,2885,4803,5595,4804,2353,5294,5295,6654"
"M17941"	"BIOCARTA_VIP_PATHWAY"	29	"1959,805,1147,124827,5970,801,5577,5533,121916,147908,4214,2776,5567,5568,5532,1960,5530,5335,7434,5573,5576,7432,5575,808,4773,4790,4772,4792,4609"
"M2288"	"BIOCARTA_NFAT_PATHWAY"	56	"4208,57172,805,2147,5894,124827,801,5577,3479,5533,2247,1387,147908,121916,1482,1489,5604,207,1906,6198,5595,8536,5594,3265,5599,58,4776,1452,1432,4878,4775,2932,2626,811,814,9421,5567,5568,64100,5532,5530,5290,4620,2280,3976,183,5573,5576,5575,1839,808,4773,4772,5294,9464,5295"
"M2821"	"BIOCARTA_NTHI_PATHWAY"	24	"5600,1147,1432,5606,2033,5970,2908,7124,3551,5608,6885,1843,4615,1387,4088,4089,9020,7048,3553,7097,4790,7046,4792,3576"
"M15285"	"BIOCARTA_NFKB_PATHWAY"	23	"8517,1147,4214,5970,7124,3551,3552,6885,7133,7132,7189,4615,8772,7099,8737,7128,10454,9020,3554,4790,3654,8717,4792"
"M11650"	"BIOCARTA_NOS1_PATHWAY"	24	"2902,2903,805,2904,2905,124827,1742,2906,5579,5578,5577,801,4842,5567,5568,5532,5533,5530,5573,5576,5575,808,147908,121916"
"M6231"	"BIOCARTA_NO2IL12_PATHWAY"	17	"3594,920,3593,3595,6775,4843,3592,914,915,916,7297,917,3717,1234,3458,919,2833"
"M6907"	"BIOCARTA_RARRXR_PATHWAY"	15	"9612,8850,2071,5914,6256,8841,8202,10499,8648,2962,6908,2960,2957,5430,2959"
"M16393"	"BIOCARTA_NUCLEARRS_PATHWAY"	15	"1571,5244,5243,5914,5468,5467,5465,8647,8431,9970,8714,9971,1544,10062,3410"
"M14339"	"BIOCARTA_ARENRF2_PATHWAY"	13	"3725,5599,1432,5579,5578,7975,486,9817,1385,4097,23764,2353,5594"
"M862"	"BIOCARTA_P38MAPK_PATHWAY"	40	"4208,4149,4209,3265,4207,1432,8550,4205,6772,6464,2002,9261,3315,3316,7042,6416,8569,7040,7186,8737,1649,1386,7046,8717,9693,3150,7043,4217,9252,5321,4214,4293,1385,5608,6885,1616,2885,5879,4609,998"
"M14863"	"BIOCARTA_P53_PATHWAY"	16	"595,596,1869,317,581,1017,1019,4193,5925,1026,7157,1647,472,7078,5111,898"
"M2529"	"BIOCARTA_PDGF_PATHWAY"	32	"3725,1457,6722,3265,5599,6774,5894,5579,6775,2002,5578,6464,6772,6773,6416,5154,4214,5156,5604,3716,5921,5290,5335,2885,6777,5595,6776,2353,6778,5294,5295,6654"
"M2349"	"BIOCARTA_CCR5_PATHWAY"	20	"3725,805,5599,124827,5579,1432,5578,801,2776,6347,6387,6351,1234,5335,808,7852,2185,2353,147908,121916"
"M8809"	"BIOCARTA_PTDINS_PATHWAY"	23	"695,2932,5170,2931,207,5213,5211,6198,9181,7410,5590,182,5335,375,160,572,8411,5868,5214,4067,5879,1173,5581"
"M5576"	"BIOCARTA_PLCE_PATHWAY"	12	"51196,5573,5731,5576,5577,5575,107,5567,5568,5912,2778,154"
"M10579"	"BIOCARTA_EDG1_PATHWAY"	27	"23236,5579,5578,80309,2770,2792,387,107,8877,6714,5747,5154,5156,6610,1901,3690,207,5290,427,3685,6609,2782,5595,5294,5295,5879,5594"
"M89"	"BIOCARTA_CDK5_PATHWAY"	11	"1020,3265,8851,5605,1958,5894,4803,5604,5595,4804,5594"
"M7014"	"BIOCARTA_MYOSIN_PATHWAY"	31	"23236,4660,5579,5578,9459,50649,2768,9828,10672,9826,50650,23370,4633,22899,2792,27237,4638,5585,6093,9639,58498,8874,394,23365,2776,23229,9181,2782,9138,7984,128272"
"M6487"	"BIOCARTA_PLATELETAPP_PATHWAY"	14	"2158,2147,1282,1284,1285,1286,5054,351,5340,5327,1288,2160,1287,5328"
"M16173"	"BIOCARTA_PS1_PATHWAY"	14	"7471,4851,2932,324,8945,5663,1855,1499,6927,28514,8321,6868,3516,8312"
"M194"	"BIOCARTA_PROTEASOME_PATHWAY"	28	"10213,6184,5702,5718,5682,9861,5686,6185,5685,5684,5683,5701,5691,7317,5690,5693,5692,5717,5695,5694,7319,7337,5687,5688,5689,5714,5704,5706"
"M15347"	"BIOCARTA_AKAPCENTROSOME_PATHWAY"	15	"5116,5577,5567,5568,79902,983,5571,387,5515,5576,5499,4133,5585,10142,5581"
"M10145"	"BIOCARTA_PTEN_PATHWAY"	18	"5747,5728,5164,6464,2309,5170,9564,1027,3611,207,5290,3688,356,2885,5595,5295,6654,5594"
"M8179"	"BIOCARTA_RAB_PATHWAY"	12	"5873,4218,9367,5862,5870,5861,58,5867,5868,7879,5864,8766"
"M8601"	"BIOCARTA_RAC1_PATHWAY"	23	"8851,4660,5156,4214,4688,23647,7409,8936,5058,10928,1123,1072,5290,1020,3984,4633,6198,4638,5337,5294,7204,5879,5295"
"M17294"	"BIOCARTA_RAS_PATHWAY"	23	"842,3265,4303,1147,5898,5894,598,2002,5970,5604,10928,5900,207,5290,387,5337,5595,572,4790,5294,5879,5295,998"
"M16355"	"BIOCARTA_NKCELLS_PATHWAY"	20	"3823,3824,3821,3606,3822,5604,7409,5058,27040,5290,8302,3688,6850,5595,2185,567,5777,5879,5295,3105"
"M18159"	"BIOCARTA_RB_PATHWAY"	13	"4661,1432,1111,1017,1019,7465,5925,7157,983,994,995,472,7533"
"M1940"	"BIOCARTA_CHREBP2_PATHWAY"	42	"10971,2645,5577,55844,5520,5521,6945,51085,2194,5565,5516,5564,5515,5563,5518,5562,5519,51422,7529,5566,5567,5568,53632,5525,5524,5523,5522,5571,5529,5528,5573,5527,5576,5526,31,5575,28227,7534,7533,5313,7532,7531"
"M85"	"BIOCARTA_BAD_PATHWAY"	26	"3563,3562,5577,3479,1439,3480,4254,107,572,596,598,581,3815,5567,5568,207,5290,5573,5576,5575,5595,7533,5294,5295,5594,6195"
"M16626"	"BIOCARTA_CK1_PATHWAY"	17	"8851,23236,1453,5577,5567,5568,2911,5530,1020,5515,5573,5576,5499,5575,1812,1813,84152"
"M6924"	"BIOCARTA_EIF2_PATHWAY"	11	"1983,27102,5499,1968,2932,8894,1965,8893,5610,9451,440275"
"M4791"	"BIOCARTA_EIF4_PATHWAY"	24	"5728,5164,5579,1432,5578,5170,2690,8672,207,2475,5290,1982,8569,6198,1981,1973,1974,5595,1977,3667,1978,5295,26986,5594"
"M5298"	"BIOCARTA_STEM_PATHWAY"	15	"1437,920,1435,2056,3562,3574,925,1440,3565,3567,3578,3569,3576,3589,3558"
"M17977"	"BIOCARTA_P27_PATHWAY"	13	"1869,7027,4738,1017,1027,5925,6502,6500,8454,9978,9040,1163,898"
"M15181"	"BIOCARTA_PGC1A_PATHWAY"	26	"4208,4209,805,57172,4207,4205,10891,124827,801,6517,5533,10014,5465,2101,121916,147908,814,815,816,817,818,5532,5530,7533,808,8536"
"M4891"	"BIOCARTA_PML_PATHWAY"	17	"3265,5077,84106,7124,5914,5371,5925,7133,7157,7132,1616,355,356,1387,7341,6672,23411"
"M18899"	"BIOCARTA_DREAM_PATHWAY"	14	"3725,5577,5567,5568,1385,1390,4986,5573,5576,5575,5595,5430,2353,30818"
"M18053"	"BIOCARTA_LEPTIN_PATHWAY"	11	"3953,5571,5565,1374,5564,5563,3952,5562,31,53632,51422"
"M1001"	"BIOCARTA_RHO_PATHWAY"	32	"4660,2934,7414,9826,1072,3984,4633,1729,4638,387,4983,6093,6714,393,392,395,394,8394,8395,10093,10092,10552,10458,10097,10096,9138,10095,7984,10094,7094,10109,5216"
"M17668"	"BIOCARTA_AKAP13_PATHWAY"	12	"5571,9170,387,5576,5577,11214,2768,5567,10672,5568,1902,23566"
"M9703"	"BIOCARTA_ATRBRCA_PATHWAY"	21	"11200,11277,675,4361,5884,4683,672,5883,2178,1111,2189,7157,3364,5810,545,472,5888,2188,10111,2176,2177"
"M7552"	"BIOCARTA_CARDIACEGF_PATHWAY"	18	"3725,1910,3265,5579,1956,5578,5970,8038,1950,1906,1909,183,5335,387,185,2353,4790,4609"
"M18719"	"BIOCARTA_HER2_PATHWAY"	22	"2066,3265,3570,2065,6774,3572,5894,6464,2033,1956,5604,2099,5290,10498,23426,2885,5595,5294,5295,3569,6654,5594"
"M16811"	"BIOCARTA_ERK5_PATHWAY"	18	"4208,4209,3265,4207,4205,6464,1385,207,5290,5335,2885,5595,5598,5294,4914,5295,6195,5594"
"M10547"	"BIOCARTA_MAL_PATHWAY"	19	"6093,6722,3265,5871,5599,58,5605,5894,4214,5604,4118,6927,3984,1729,387,5595,5879,998,5594"
"M5290"	"BIOCARTA_MEF2D_PATHWAY"	23	"824,4209,23523,805,124827,5579,5578,826,2033,801,5532,5533,5530,6957,6955,3065,808,3066,4773,4772,84290,147908,121916"
"M16257"	"BIOCARTA_MITOCHONDRIA_PATHWAY"	21	"842,841,840,596,637,638,598,329,317,581,330,331,839,836,1676,56616,54205,1677,2021,578,9131"
"M16884"	"BIOCARTA_ACH_PATHWAY"	16	"6714,5747,7015,1146,2309,5913,207,5290,4593,356,1140,7533,572,2185,5294,5295"
"M13917"	"BIOCARTA_PARKIN_PATHWAY"	13	"93486,6622,5413,9627,7327,7326,9246,5071,2861,7332,7325,7341,140739"
"M5291"	"BIOCARTA_CDC42RAC_PATHWAY"	16	"8976,5156,5058,10093,5290,10092,10552,10097,387,10096,10095,10094,10109,5879,5295,998"
"M17370"	"BIOCARTA_RANMS_PATHWAY"	10	"5905,56992,4926,3837,3838,1104,22974,5901,5902,6790"
"M668"	"BIOCARTA_BARR_MAPK_PATHWAY"	12	"408,2792,23236,2782,5605,5894,5604,107,5595,2778,1759,5594"
"M18215"	"BIOCARTA_TOB1_PATHWAY"	21	"10140,940,915,916,917,7042,7040,10766,3458,6957,6955,919,4088,7049,3565,4089,7048,7046,3559,7043,3558"
"M111"	"BIOCARTA_BARRESTIN_SRC_PATHWAY"	15	"6714,3265,23236,5605,5894,5604,2778,1759,408,2792,2782,107,5595,3055,5594"
"M4047"	"BIOCARTA_NKT_PATHWAY"	29	"1437,920,940,729230,1230,6348,3460,7042,7040,6351,3458,3459,7852,7043,2833,3558,959,3594,3593,3595,3592,1232,1233,1234,1236,3565,3566,3567,8809"
"M12095"	"BIOCARTA_IL1R_PATHWAY"	33	"3725,5599,1147,1432,5970,7124,7042,7189,4615,7040,54472,3456,3439,51295,3556,9020,3656,3553,3554,3654,3557,7043,5606,4214,11213,3551,3552,5608,6885,10454,4790,4792,3569"
"M19358"	"BIOCARTA_MET_PATHWAY"	37	"3725,3265,5599,6774,58,5781,5894,2002,3082,4233,5829,6714,5906,5728,5747,3672,5908,5605,5604,5058,1793,11184,5921,1398,5290,2889,3688,1399,2549,2885,5595,2185,2353,5294,5295,6654,5594"
"M9664"	"BIOCARTA_GPCR_PATHWAY"	37	"3725,3265,805,4776,5894,124827,5579,2002,5578,5577,801,4775,5533,2770,2792,107,147908,121916,5604,2776,5567,5568,2778,1385,5532,5530,6197,2782,5335,5573,5576,5575,5595,808,4773,2353,4772"
"M16991"	"BIOCARTA_IGF1MTOR_PATHWAY"	20	"5728,5164,1968,2932,5170,1965,3479,207,2475,5290,3480,6198,5515,1977,1978,8894,8893,3636,5295,6194"
"M2699"	"BIOCARTA_SODD_PATHWAY"	10	"9530,841,7186,8772,8737,7124,330,7133,8717,7132"
"M11792"	"BIOCARTA_SHH_PATHWAY"	16	"1859,6469,2735,5577,2932,51684,5567,5568,2736,2737,5727,6608,5573,5576,5575,9149"
"M13022"	"BIOCARTA_PTC1_PATHWAY"	11	"4331,994,6469,1022,995,7514,993,891,5727,902,983"
"M1389"	"BIOCARTA_SPRY_PATHWAY"	18	"6714,3265,10253,5894,10252,1956,6464,5604,867,81848,1950,5921,2885,5595,10251,5787,6654,5594"
"M7772"	"BIOCARTA_BARRESTIN_PATHWAY"	10	"5465,408,2792,23236,2782,107,160,2778,1759,1173"
"M16966"	"BIOCARTA_STATHMIN_PATHWAY"	19	"814,815,816,817,5603,5577,818,914,5567,915,5568,916,917,983,5573,5576,919,5575,891"
"M2587"	"BIOCARTA_HSP27_PATHWAY"	15	"7867,842,596,58,317,7124,9261,3552,836,3315,3316,1616,54205,355,356"
"M19784"	"BIOCARTA_TCR_PATHWAY"	49	"3725,7535,805,5579,124827,5894,2002,5578,6464,801,5533,6416,121916,5778,147908,4214,5604,7409,5921,2885,5595,4790,4792,5879,6654,3265,5599,4776,4775,5970,27040,919,915,916,917,5532,5530,5290,6957,5335,6955,808,2534,4773,4772,2353,5294,3932,5295"
"M13247"	"BIOCARTA_TCYTOTOXIC_PATHWAY"	14	"940,914,915,916,925,917,3683,3383,7070,6957,3689,6955,919,5788"
"M6427"	"BIOCARTA_THELPER_PATHWAY"	14	"920,940,914,915,916,917,3683,3383,7070,6957,3689,6955,919,5788"
"M12985"	"BIOCARTA_TALL1_PATHWAY"	15	"115650,5599,1147,1432,5970,8741,10673,23495,7189,7188,7187,7186,608,9020,4790"
"M10401"	"BIOCARTA_TEL_PATHWAY"	18	"596,7015,7013,1956,5578,7011,3845,5925,207,7157,3480,8658,3320,5515,7520,5430,2547,4609"
"M18933"	"BIOCARTA_TGFB_PATHWAY"	19	"2033,5604,324,6885,9372,7042,7040,1387,5595,10454,4088,4089,7048,6498,7046,4092,7043,999,4087"
"M6705"	"BIOCARTA_TH1TH2_PATHWAY"	19	"959,3594,958,3593,3595,942,3592,940,3606,3460,3458,3459,3565,3566,3559,3123,3122,3558,8809"
"M2064"	"BIOCARTA_41BB_PATHWAY"	17	"3725,4217,5599,1147,1432,4214,5970,3604,3551,11183,3458,7186,1386,3565,4790,4792,3558"
"M6831"	"BIOCARTA_KREB_PATHWAY"	8	"2271,6389,4967,8803,1431,50,3418,4190"
"M1467"	"BIOCARTA_CTLA4_PATHWAY"	21	"5781,941,942,940,915,916,917,3702,5290,23308,6957,6955,2885,919,29851,5295,3932,3123,3122,1493,3558"
"M13158"	"BIOCARTA_LONGEVITY_PATHWAY"	15	"3265,6647,6648,6649,2309,6464,2690,3479,847,207,5290,3480,2688,5294,5295"
"M5374"	"BIOCARTA_SARS_PATHWAY"	10	"3948,1158,2091,3939,2875,1432,1977,4691,290,3945"
"M3494"	"BIOCARTA_PAR1_PATHWAY"	37	"2147,23236,4660,2149,5579,5578,9459,50649,9828,2768,10672,9826,50650,2770,23370,22899,2792,27237,387,107,9002,6093,9639,8874,23365,2776,6885,23229,5290,9181,2782,9138,7984,128272,2185,5294,5295"
"M9670"	"BIOCARTA_STRESS_PATHWAY"	25	"3725,4049,8517,5871,5599,1147,1432,5970,7124,6416,8738,7186,10010,8737,9020,8717,5606,4214,3551,5608,835,7132,466,4790,4792"
"M3618"	"BIOCARTA_TNFR1_PATHWAY"	29	"3725,9530,841,5599,7124,5062,4000,6709,4001,8738,6416,7186,8772,8737,8717,84823,8567,4214,5058,6885,5925,836,7132,835,1676,1677,397,5591,142"
"M10082"	"BIOCARTA_TNFR2_PATHWAY"	18	"8517,4049,1147,8518,4214,5970,3551,7133,1843,7187,7186,10010,8737,7128,9020,4790,7185,4792"
"M984"	"BIOCARTA_TOLL_PATHWAY"	37	"3725,8517,81793,5599,114609,1147,1432,2002,5970,54106,5610,7189,5465,6416,4615,54472,51295,23118,8993,9020,3654,10333,5606,4214,23643,3551,5608,6885,929,7098,7099,10454,51284,2353,7097,4790,4792"
"M11520"	"BIOCARTA_TPO_PATHWAY"	24	"1457,3725,3265,6774,5894,5579,6772,6464,5578,5604,4352,5921,3717,5290,5335,2885,6777,5595,6776,7066,2353,5294,5295,6654"
"M9070"	"BIOCARTA_CREB_PATHWAY"	27	"3265,1432,5579,5578,5577,107,815,816,9252,817,818,5567,5568,2778,1385,207,5290,2885,5573,5576,5575,5595,5295,5879,6654,5594,6195"
"M7968"	"BIOCARTA_CARM1_PATHWAY"	13	"2033,5577,5567,5914,5568,1385,6256,8202,10498,5573,1387,5576,5575"
"M15926"	"BIOCARTA_TFF_PATHWAY"	21	"842,3265,5747,6464,1956,317,2690,207,1499,5290,54205,3688,2688,387,2885,5595,572,5294,5295,6654,5594"
"M9134"	"BIOCARTA_TRKA_PATHWAY"	12	"5290,3265,5335,5579,4803,2885,6464,5578,207,5295,4914,6654"
"M11358"	"BIOCARTA_ARF_PATHWAY"	17	"7291,1869,9533,1029,4193,25,5925,7157,51082,5290,6909,25885,84172,5294,5295,5879,4609"
"M13143"	"BIOCARTA_UCALPAIN_PATHWAY"	18	"6714,5747,823,3672,58,826,3690,6709,7430,3688,387,7094,84290,5879,87,5829,88,89"
"M12975"	"BIOCARTA_VEGF_PATHWAY"	29	"3265,5579,6464,10209,5578,7422,8890,1994,8892,8891,8894,8893,5829,5747,4846,1967,1968,2321,3091,7428,3791,1965,1964,2324,5290,405,5335,5294,5295"
"M15422"	"BIOCARTA_VITCB_PATHWAY"	11	"1282,1284,1285,1286,1288,1287,5034,6515,9962,9963,6513"
"M16517"	"BIOCARTA_WNT_PATHWAY"	26	"1457,7471,1453,1452,2932,8945,11197,1499,8321,5515,1387,51176,7088,595,1487,51701,324,6885,1855,5467,10023,8312,3065,10454,4089,4609"
"M7825"	"BIOCARTA_ACTINY_PATHWAY"	20	"10152,10163,8976,58,8544,8936,10093,5688,10092,10552,10097,10096,10095,10094,10787,10810,10109,5879,4914,4690"
