"GenesetID"	"GenesetName"	"ElementSize"	"EntrezID"
"DB00002"	"Cetuximab"	13	"1956,2215,715,712,713,714,2214,716,2209,2212,2213,2213,9103"
"DB00005"	"Etanercept"	15	"7124,7133,2209,2214,2212,2213,2213,9103,4049,2215,716,715,712,713,714"
"DB00013"	"Urokinase"	10	"5340,5329,5328,5327,5054,5055,5104,4036,6768,4811"
"DB00020"	"Sargramostim"	5	"1438,3563,1439,6383,5553"
"DB00025"	"Antihemophilic factor, human recombinant"	11	"2159,2158,7450,5264,433,3309,811,821,3998,4035,90411"
"DB00028"	"Immune Globulin Human"	14	"2209,2210,2212,2213,2213,9103,2214,2215,718,720,721,721,100293534,727"
"DB00030"	"Insulin Human"	12	"3643,3480,5925,1509,3416,5126,1363,5122,4856,4036,3490,94121"
"DB00031"	"Tenecteplase"	11	"5340,2243,5329,5054,5055,7123,3856,302,811,821,4035"
"DB00036"	"Coagulation factor VIIa Recombinant Human"	6	"2159,3249,7035,2677,2155,2152"
"DB00039"	"Palifermin"	6	"2263,8829,2260,2264,2261,3339"
"DB00051"	"Adalimumab"	13	"7124,2215,715,712,713,714,2214,716,2209,2212,2213,2213,9103"
"DB00054"	"Abciximab"	15	"3690,3674,2215,715,712,713,714,2214,716,2209,2212,2213,2213,9103,7448"
"DB00055"	"Drotrecogin alfa"	12	"2157,2153,5054,7056,5627,1356,2147,5196,5104,5269,2677,10544"
"DB00056"	"Gemtuzumab ozogamicin"	13	"945,2215,715,712,713,714,2214,716,2209,2212,2213,2213,9103"
"DB00071"	"Insulin Pork"	14	"3643,3480,3416,3118,3119,5925,1509,1363,5126,5122,4856,4036,3490,94121"
"DB00072"	"Trastuzumab"	14	"2064,1956,715,712,713,714,716,2209,2212,2213,2213,9103,2215,2214"
"DB00073"	"Rituximab"	13	"931,2215,715,712,713,714,2214,716,2209,2212,2213,2213,9103"
"DB00074"	"Basiliximab"	14	"3559,3560,2209,2214,2212,2213,2213,9103,2215,716,715,712,713,714"
"DB00075"	"Muromonab"	16	"915,916,917,919,2215,715,712,713,714,2214,716,2209,2212,2213,2213,9103"
"DB00078"	"Ibritumomab tiuxetan"	13	"931,2215,715,712,713,714,2214,716,2209,2212,2213,2213,9103"
"DB00081"	"Tositumomab"	12	"931,2215,715,712,713,714,2214,2209,2212,2213,2213,9103"
"DB00087"	"Alemtuzumab"	12	"1043,2215,715,712,713,714,2214,2209,2212,2213,2213,9103"
"DB00092"	"Alefacept"	12	"914,715,712,713,714,2214,2209,2212,2213,2213,9103,2215"
"DB00095"	"Efalizumab"	12	"3683,2215,715,712,713,714,2214,2209,2212,2213,2213,9103"
"DB00098"	"Antithymocyte immunoglobulin (rabbit)"	9	"909,3140,3683,942,2213,920,3688,3685,3690"
"DB00100"	"Coagulation Factor IX (Recombinant)"	7	"2159,2160,2155,2157,2147,4035,2677"
"DB00108"	"Natalizumab"	13	"3676,2215,715,712,713,714,2214,2209,2212,2213,2213,9103,3383"
"DB00110"	"Palivizumab"	11	"2215,715,712,713,714,2214,2209,2212,2213,2213,9103"
"DB00111"	"Daclizumab"	13	"3559,3560,2215,715,712,713,714,2214,2209,2212,2213,2213,9103"
"DB00112"	"Bevacizumab"	12	"7422,2215,715,712,713,714,2214,2209,2212,2213,2213,9103"
"DB00114"	"Pyridoxal Phosphate"	60	"64902,2571,875,102724560,8942,6470,9054,2805,4942,4953,51166,18,55163,8879,6898,883,79896,5836,9517,51380,3067,113451,10993,23464,2731,2875,29968,211,189,57026,10558,1491,586,587,11212,10841,2806,5834,5837,1644,51540,211,2572,23042,102724985,56267,339896,51540,285313,85007,2571,6472,212,84706,55034,113675,51380,63826,51091,55304"
"DB00115"	"Cyanocobalamin"	6	"4548,4594,4552,166785,25974,4524"
"DB00116"	"Tetrahydrofolic acid"	11	"4522,10797,275,10840,4548,10841,471,6470,6472,4524,123263"
"DB00118"	"Ademetionine"	7	"27232,262,4144,875,102724560,4143,1312"
"DB00119"	"Pyruvic acid"	14	"9123,6567,64902,9121,5313,9120,9194,5162,5315,18,9122,23539,6566,5091"
"DB00120"	"L-Phenylalanine"	7	"6898,23428,2193,5053,10667,10056,7054"
"DB00121"	"Biotin"	9	"5096,3141,8884,64087,32,56922,5091,5095,31"
"DB00122"	"Choline"	7	"9468,43,5130,5338,590,5337,162466"
"DB00123"	"L-Lysine"	5	"6541,6545,84889,6542,3735"
"DB00125"	"L-Arginine"	9	"4846,84889,113451,435,4843,6541,384,6545,445"
"DB00126"	"Vitamin C"	23	"3938,5352,5264,8985,8424,1621,5066,5033,64175,79676,121642,55214,10536,55239,112398,221120,8284,54583,9963,5351,112399,55217,54681"
"DB00128"	"L-Aspartic Acid"	21	"6035,4069,10165,2805,443,440,445,95,2806,1615,8604,444,10606,790,159,6505,445,55157,80150,122622,91703"
"DB00129"	"Ornithine"	14	"4942,5009,383,4946,6542,83884,6545,6541,384,10166,84889,4947,2628,51686"
"DB00131"	"Adenosine monophosphate"	15	"1385,5292,5142,5836,5564,3094,5144,84532,55902,5562,5565,107,2180,2203,132"
"DB00132"	"Alpha-Linolenic Acid"	5	"3992,9415,6546,7442,6785"
"DB00133"	"L-Serine"	8	"875,102724560,10993,63826,9517,10558,6301,189"
"DB00134"	"L-Methionine"	5	"4552,4548,10988,635,23743"
"DB00139"	"Succinic acid"	26	"6391,56670,64064,55217,8803,1468,6389,8630,64849,9058,6561,8801,6392,8974,8985,8424,5033,6390,7915,8802,5019,5351,444,64175,55214,10536"
"DB00141"	"N-Acetylglucosamine"	8	"8703,8702,8704,55577,51172,4669,5973,2683"
"DB00142"	"Glutamic Acid"	68	"2911,2914,2900,2901,2917,2918,6512,26873,5198,587,2906,2895,116444,5188,2744,2806,2058,440,2752,2805,6898,2875,2677,6507,6506,6505,2729,6511,2747,8833,586,18,2902,2356,2028,2903,2904,2905,124454,51557,55191,56267,162417,51166,116443,84706,83733,79751,10157,27165,2894,23657,10404,29968,2746,2897,2890,2730,2346,2572,2571,10841,2891,2892,2893,5832,2898,2899"
"DB00143"	"Glutathione"	38	"4259,27306,51060,2938,2939,4257,2098,2678,2946,2745,2879,2949,257202,3029,493869,2882,4258,119391,51022,2739,4056,2936,2937,2944,373156,2940,2947,2941,2948,221357,2950,9446,2876,2877,2952,2954,2880,2878"
"DB00144"	"Phosphatidyl serine"	10	"1608,8527,81490,55627,55512,10396,5578,9791,23761,949"
"DB00145"	"Glycine"	30	"23464,211,212,2653,2617,2903,570,2841,2937,2905,10249,206358,6472,219970,92292,64902,140679,51268,9152,116444,2731,6536,2741,189,2743,6470,8001,2742,27232,2628"
"DB00148"	"Creatine"	7	"1158,1159,548596,1152,1160,6535,2593"
"DB00149"	"L-Leucine"	6	"23395,587,586,9836,51451,51520"
"DB00151"	"L-Cysteine"	14	"2730,2729,2805,1491,875,102724560,833,4255,2937,80704,79587,51380,9054,1036"
"DB00155"	"L-Citrulline"	13	"445,23564,445,23576,5009,4842,4843,4846,353238,29943,51702,11240,23569"
"DB00157"	"NADH"	144	"7358,124,6652,127,126,125,131,2819,160287,128,231,3028,4191,3939,4200,3295,92483,3948,3945,1962,3033,10873,622,4190,11112,3293,3156,4199,26227,51478,3421,3420,3419,3292,3294,5959,9563,7923,1109,3615,8644,3248,7264,1645,3290,3284,3283,3614,3030,217,3291,1646,50814,222,4329,218,216,26330,223,220,219,221,2597,8854,224,7915,501,645,29920,5831,2746,5162,5161,5160,644,35,1719,4967,2747,1717,4835,4536,10157,4537,374291,4522,10797,8659,1727,126328,4538,5860,4535,23530,4698,4704,4539,4705,4701,4694,4541,4540,4697,4700,4706,4695,4702,4696,4714,4718,4707,4719,4716,4710,4709,4708,4713,4715,4720,4711,4717,4712,4731,1738,4722,2936,55967,4725,4724,4723,4729,51079,1036,4726,56901,4728,1579,1737,275,6307,3162,3163,1586,7299"
"DB00159"	"Icosapent"	10	"5743,5742,5468,5467,3992,2182,2181,2864,6546,7442"
"DB00160"	"L-Alanine"	13	"189,18,8942,57505,85007,84706,2875,9054,206358,23428,64902,16,6509"
"DB00162"	"Vitamin A"	16	"145226,9249,220,54884,51109,10901,57665,50700,9227,5947,5959,112724,5949,8854,216,6017"
"DB00163"	"Vitamin E"	10	"8856,5579,240,5578,1606,5516,5515,284904,266629,23541"
"DB00167"	"L-Isoleucine"	5	"55699,36,586,587,3376"
"DB00170"	"Menadione"	13	"2677,79001,154807,2147,2155,2158,2159,5624,5627,8858,4835,1728,632"
"DB00171"	"ATP"	33	"27,5243,9619,1244,19,55902,238,8883,5562,369,94,2180,22978,439,10060,207,156,317,84532,91,90,8647,440,65061,291,6833,445,10939,157,269,10188,25,107"
"DB00172"	"L-Proline"	21	"8974,5625,10465,11212,5033,5479,10105,5480,5478,9360,64175,25973,55214,10536,65263,112849,5831,2058,11254,6534,29920"
"DB00173"	"Adenine"	6	"353,32,52,55825,6733,4507"
"DB00174"	"L-Asparagine"	6	"6510,80150,79731,10991,440,4677"
"DB00182"	"Amphetamine"	19	"6571,6531,9607,134864,6530,148,147,146,150,151,152,153,154,155,1813,4129,6532,4128,4129"
"DB00184"	"Nicotine"	14	"1137,1139,89832,1141,1135,1136,1138,8973,55584,57053,1142,1143,1588,1103"
"DB00186"	"Lorazepam"	17	"2554,2555,2556,2557,2558,2559,2560,2561,2562,2563,2564,2565,2566,2567,2568,55879,706"
"DB00189"	"Ethchlorvynol"	16	"2554,2555,2556,2557,2558,2559,2560,2561,2562,2563,2564,2565,2566,2567,2568,55879"
"DB00191"	"Phentermine"	5	"6530,6532,6531,4128,4129"
"DB00193"	"Tramadol"	8	"4988,6530,6532,3358,4986,4985,116443,1131"
"DB00197"	"Troglitazone"	6	"5468,2182,5054,2030,2104,2101"
"DB00200"	"Hydroxocobalamin"	9	"4548,4594,4552,166785,6947,81693,8029,326625,25974"
"DB00201"	"Caffeine"	33	"134,135,5142,6261,5136,5153,5137,10846,5141,5142,5143,5144,27115,5138,5139,5140,8654,5146,50940,5150,5151,8622,5152,5145,5158,5591,5293,5290,5291,3708,3709,3710,472"
"DB00210"	"Adapalene"	6	"5916,5915,6258,6257,5914,6256"
"DB00216"	"Eletriptan"	7	"3352,3351,3355,3350,3354,3357,3363"
"DB00217"	"Bethanidine"	7	"150,151,152,3758,153,154,155"
"DB00228"	"Enflurane"	23	"2554,2555,2556,2557,2558,2559,2560,2561,2562,2563,2564,2565,2566,2567,2568,55879,2741,2743,3783,3736,27032,2890,513"
"DB00231"	"Temazepam"	36	"2554,2555,2556,2557,2558,2559,2560,2561,2562,2565,2566,2567,2563,2564,2568,2569,2570,200959,55879,706,2554,2555,2556,2557,2558,2559,2560,2561,2562,2563,2564,2565,2566,2567,2568,55879"
"DB00237"	"Butabarbital"	21	"2554,2555,2556,2557,2558,2559,2560,2561,2562,2563,2564,2565,2566,2567,2568,55879,1137,1139,89832,2891,2898"
"DB00241"	"Butalbital"	27	"2554,2555,2556,2557,2558,2559,1137,1139,89832,2891,2898,2554,2555,2556,2557,2558,2559,2560,2561,2562,2563,2564,2565,2566,2567,2568,55879"
"DB00242"	"Cladribine"	9	"6240,6241,50484,5422,5426,5427,54107,56655,4860"
"DB00244"	"Mesalazine"	7	"5743,5742,240,5468,1147,3551,4353"
"DB00246"	"Ziprasidone"	25	"1813,3356,1812,1816,1814,1815,3350,3351,3352,3354,3358,3359,3362,3363,3269,148,147,150,151,152,1128,1129,1131,1132,1133"
"DB00247"	"Methysergide"	8	"3357,3358,3356,3350,3363,3351,3355,3354"
"DB00248"	"Cabergoline"	22	"1813,3357,1814,3356,151,3352,1815,150,3350,152,1816,1812,3351,3358,3363,148,147,146,153,154,1812,1816"
"DB00268"	"Ropinirole"	14	"1814,1813,1815,3350,3352,3357,1812,1816,3351,3356,3358,150,151,152"
"DB00270"	"Isradipine"	7	"775,781,783,8912,9254,776,779"
"DB00273"	"Topiramate"	21	"2554,6323,2897,760,762,2554,2555,2556,2557,2558,2559,2560,2561,2562,2563,2564,2565,2566,2567,2568,55879"
"DB00277"	"Theophylline"	8	"134,135,136,5142,8654,5141,5139,3066"
"DB00280"	"Disopyramide"	6	"6331,1128,1129,1131,3751,3752"
"DB00289"	"Atomoxetine"	10	"6530,6532,6531,2902,2903,2904,2905,2906,116443,116444"
"DB00292"	"Etomidate"	18	"2554,151,2554,2555,2556,2557,2558,2559,2560,2561,2562,2563,2564,2565,2566,2567,2568,55879"
"DB00306"	"Talbutal"	27	"2554,2555,2556,2557,2558,2559,1137,1139,89832,2891,2898,2554,2555,2556,2557,2558,2559,2560,2561,2562,2563,2564,2565,2566,2567,2568,55879"
"DB00308"	"Ibutilide"	10	"775,782,3757,781,786,3775,9424,81033,90134,3767"
"DB00312"	"Pentobarbital"	34	"2554,2555,2556,2557,2558,2559,1137,1139,89832,2891,2898,2554,2555,2556,2557,2558,2559,2560,2561,2562,2563,2564,2565,2566,2567,2568,55879,2902,2903,2904,2905,2906,116443,116444"
"DB00313"	"Valproic Acid"	20	"9734,18,36,4967,7915,6323,6336,11280,6326,6328,6329,6331,6332,6334,6335,6324,6327,55800,6330,3066"
"DB00321"	"Amitriptyline"	35	"6530,6532,3356,3350,4985,4986,4914,4915,148,146,150,3269,1128,1129,1131,1132,1133,3785,3736,3751,3752,3274,59340,10280,3358,147,3363,3352,4988,3351,3362,3786,153,154,155"
"DB00328"	"Indomethacin"	8	"5742,5743,5320,145482,5468,2739,11251,5465"
"DB00333"	"Methadone"	5	"4988,116443,57053,4985,3359"
"DB00334"	"Olanzapine"	50	"3356,1813,1812,1816,1814,1815,3350,3351,3352,3354,3358,3359,3362,3363,3269,148,147,150,151,152,1128,1129,1131,1132,1133,3357,3361,1812,1816,3274,59340,2554,2555,2556,2557,2558,2559,2560,2561,2562,2563,2564,2565,2566,2567,2568,55879,153,154,155"
"DB00340"	"Metixene"	5	"1128,1132,1133,1129,1131"
"DB00342"	"Terfenadine"	7	"3269,3757,1131,1128,1133,1132,1129"
"DB00349"	"Clobazam"	16	"2554,2555,2556,2557,2558,2559,2560,2561,2562,2563,2564,2565,2566,2567,2568,55879"
"DB00363"	"Clozapine"	26	"1813,3356,1812,1814,1815,3350,3351,3352,3354,3358,3359,3362,3363,3269,59340,148,147,150,151,152,1128,1129,1131,1132,1133,50632"
"DB00364"	"Sucralfate"	5	"2247,1950,2243,2244,2266"
"DB00368"	"Norepinephrine"	12	"148,147,146,150,151,152,153,154,155,5053,6571,6570"
"DB00370"	"Mirtazapine"	23	"3356,3359,150,3358,4986,3269,152,3363,148,147,146,1813,1814,6530,6532,6531,3357,1812,1816,11255,148,153,154"
"DB00371"	"Meprobamate"	22	"2554,2555,2556,2557,2558,2559,2554,2555,2556,2557,2558,2559,2560,2561,2562,2563,2564,2565,2566,2567,2568,55879"
"DB00376"	"Trihexyphenidyl"	5	"1128,1129,1131,1132,1133"
"DB00381"	"Amlodipine"	9	"775,781,783,776,779,774,55799,759,6609"
"DB00393"	"Nimodipine"	10	"775,776,778,779,782,783,784,785,4306,196"
"DB00396"	"Progesterone"	5	"5241,2099,4306,1586,4986"
"DB00397"	"Phenylpropanolamine"	5	"148,150,1812,153,154"
"DB00398"	"Sorafenib"	10	"673,5894,2324,3791,2322,5159,3815,2260,5979,2321"
"DB00401"	"Nisoldipine"	5	"775,781,783,776,779"
"DB00402"	"Eszopiclone"	21	"2554,2555,2556,2558,706,2554,2555,2556,2557,2558,2559,2560,2561,2562,2563,2564,2565,2566,2567,2568,55879"
"DB00404"	"Alprazolam"	16	"2554,2555,2556,2557,2558,2559,2560,2561,2562,2563,2564,2565,2566,2567,2568,55879"
"DB00408"	"Loxapine"	34	"1813,1812,3356,3358,3350,3351,3352,3354,3359,3361,3362,3363,148,147,150,151,152,153,1128,1129,1131,1132,1133,1812,1816,1814,1815,1816,3269,3274,59340,6532,6530,6531"
"DB00409"	"Remoxipride"	5	"1813,1815,1814,3356,10280"
"DB00413"	"Pramipexole"	14	"1814,1813,1815,151,3350,3352,150,3351,3356,3357,3358,152,1812,1816"
"DB00418"	"Secobarbital"	18	"2554,2555,2556,2557,2558,2559,1137,1139,89832,2891,2898,2902,2903,2904,2905,2906,116443,116444"
"DB00420"	"Promazine"	14	"1813,3356,3358,1812,1815,1132,1129,1131,1128,147,1133,148,3269,146"
"DB00421"	"Spironolactone"	26	"4306,367,5241,2908,1585,6715,6716,79644,6462,786,781,9254,55799,775,776,778,779,782,783,784,785,774,773,8913,8912,8911"
"DB00431"	"Lindane"	5	"2560,2741,2742,8001,2743"
"DB00434"	"Cyproheptadine"	6	"3269,3356,3358,1128,1129,1131"
"DB00436"	"Bendroflumethiazide"	5	"6559,3778,759,760,762"
"DB00449"	"Dipivefrin"	5	"148,150,154,590,43"
"DB00454"	"Pethidine"	15	"4986,2902,2904,2903,2905,2906,1128,1129,1131,1132,1133,4988,6531,6530,6532"
"DB00457"	"Prazosin"	8	"148,147,146,3757,81033,90134,150,151"
"DB00458"	"Imipramine"	23	"6530,6532,3356,3269,148,146,1128,1129,1131,1132,1133,3751,3752,3358,147,3363,1812,1816,1813,3757,6531,3350,3362"
"DB00459"	"Acitretin"	7	"6256,5914,5915,5916,6257,6258,5947"
"DB00463"	"Metharbital"	27	"2554,2555,2556,2557,2558,2559,1137,1139,89832,2891,2898,2554,2555,2556,2557,2558,2559,2560,2561,2562,2563,2564,2565,2566,2567,2568,55879"
"DB00475"	"Chlordiazepoxide"	16	"2554,2555,2556,2557,2558,2559,2560,2561,2562,2563,2564,2565,2566,2567,2568,55879"
"DB00477"	"Chlorpromazine"	34	"1813,1812,3356,3350,148,147,3269,3757,1812,1816,1814,1815,1816,3358,3356,3357,3358,148,147,146,150,151,152,1128,1131,6609,801,805,808,5004,5005,3362,3363,59340"
"DB00493"	"Cefotaxime"	7	"9356,9376,55867,10864,6564,213,6565"
"DB00496"	"Darifenacin"	5	"1131,1128,1129,1132,1133"
"DB00497"	"Oxycodone"	5	"4988,4986,4985,5004,5005"
"DB00502"	"Haloperidol"	5	"1813,1812,2904,3356,1814"
"DB00508"	"Triflupromazine"	5	"1812,1813,3357,1128,1129"
"DB00514"	"Dextromethorphan"	22	"10280,116443,1135,6532,10857,1136,1137,1143,1141,1139,89832,4988,4985,4986,1536,1535,653361,4688,4689,5879,5880,6530"
"DB00523"	"Alitretinoin"	6	"5914,6256,5915,6257,5916,6258"
"DB00527"	"Cinchocaine"	5	"6336,6331,801,805,808"
"DB00540"	"Nortriptyline"	24	"6530,6532,3356,3350,3269,148,146,1128,1129,1131,1132,1133,3358,3362,147,150,151,152,153,154,155,1813,10857,10280"
"DB00543"	"Amoxapine"	48	"6530,6532,1813,1812,150,148,1128,2554,3356,3358,3362,3363,1814,1815,3269,148,147,146,1128,1129,1131,1132,1133,3357,3359,3350,3351,150,151,152,59340,2554,2555,2556,2557,2558,2559,2560,2561,2562,2563,2564,2565,2566,2567,2568,55879,6531"
"DB00546"	"Adinazolam"	16	"2554,2555,2556,2558,2565,2566,2567,2560,2561,2562,2563,2564,2568,2569,2570,200959"
"DB00562"	"Benzthiazide"	6	"6559,759,760,762,768,771"
"DB00568"	"Cinnarizine"	16	"3269,775,776,778,779,8913,8912,8911,1813,1812,1816,1128,1129,1131,1132,1133"
"DB00570"	"Vinblastine"	6	"7846,203068,51174,7283,51175,3725"
"DB00571"	"Propranolol"	5	"153,154,155,3350,3351"
"DB00572"	"Atropine"	5	"1128,1129,1131,1132,1133"
"DB00575"	"Clonidine"	6	"150,151,152,148,147,146"
"DB00583"	"L-Carnitine"	11	"6583,6584,1384,123096,788,54677,1376,1374,7498,1066,4353"
"DB00586"	"Diclofenac"	8	"5743,5742,240,6329,41,3785,3786,5320"
"DB00589"	"Lisuride"	14	"1813,1814,1815,1812,1816,3350,3352,3357,3356,3358,3351,150,151,152"
"DB00590"	"Doxazosin"	6	"148,147,146,3757,81033,90134"
"DB00594"	"Amiloride"	9	"6337,6338,6340,6339,26,40,41,6548,5328"
"DB00598"	"Labetalol"	5	"153,154,148,147,146"
"DB00599"	"Thiopental"	12	"2554,2555,2556,2557,2558,2559,1137,1139,89832,2891,2898,2166"
"DB00605"	"Sulindac"	6	"5743,5742,231,5595,5467,11251"
"DB00619"	"Imatinib"	7	"3815,4914,1436,5156,780,25,5159"
"DB00622"	"Nicardipine"	17	"775,783,776,781,5136,5153,148,147,146,1128,1129,1131,1132,1133,801,805,808"
"DB00623"	"Fluphenazine"	5	"1813,1812,801,805,808"
"DB00628"	"Clorazepate"	17	"2554,2555,2556,2557,2558,2559,2560,2561,2562,2563,2564,2565,2566,2567,2568,55879,706"
"DB00630"	"Alendronic acid"	5	"2224,5775,5802,5791,523"
"DB00651"	"Dyphylline"	8	"5142,5141,5143,5144,134,135,5150,27115"
"DB00653"	"Magnesium Sulfate"	6	"786,781,775,782,783,779"
"DB00656"	"Trazodone"	7	"3356,3358,6532,3350,3269,148,150"
"DB00659"	"Acamprosate"	24	"2554,2555,2556,2557,2558,2559,2560,2561,2562,2563,2564,2565,2566,2567,2568,55879,2902,2903,2904,2905,2906,116443,116444,2915"
"DB00661"	"Verapamil"	16	"775,776,778,779,782,783,784,785,8911,8913,774,773,3757,6331,3767,6532"
"DB00668"	"Epinephrine"	11	"148,147,153,154,150,151,146,5053,152,155,7124"
"DB00674"	"Galantamine"	19	"43,1134,1140,1144,1146,1145,1135,1136,1137,1138,8973,1139,89832,55584,57053,1141,1142,1143,590"
"DB00675"	"Tamoxifen"	11	"2099,2100,10682,5578,5579,5580,5581,5582,5584,5588,5590"
"DB00679"	"Thioridazine"	6	"1813,1812,148,147,3356,3757"
"DB00683"	"Midazolam"	19	"2554,2555,2556,2557,2558,2560,2562,2561,2559,2565,2566,2567,2563,2564,2568,2569,2570,200959,55879"
"DB00690"	"Flurazepam"	19	"2554,2555,2556,2557,2558,2559,2560,2561,2562,2565,2566,2567,2563,2564,2568,2569,2570,200959,55879"
"DB00696"	"Ergotamine"	15	"3352,3351,3356,1813,148,147,146,150,151,6530,1812,1816,3350,3355,3358"
"DB00714"	"Apomorphine"	15	"1814,1815,1813,152,151,3358,1816,3350,3356,3357,150,1812,3352,3351,50632"
"DB00715"	"Paroxetine"	8	"6532,6530,3356,1128,1129,1131,1132,1133"
"DB00716"	"Nedocromil"	5	"10800,57105,2357,5729,3320"
"DB00721"	"Procaine"	16	"6336,116443,3359,6531,1135,3778,3779,10242,27094,27345,3783,3780,3781,3782,4128,4129"
"DB00725"	"Homatropine Methylbromide"	5	"1129,1128,1132,1133,1131"
"DB00726"	"Trimipramine"	24	"6532,6530,6531,3356,3350,148,147,1813,151,3269,3358,3359,3352,150,1812,1816,153,154,155,1128,1129,1131,1132,1133"
"DB00734"	"Risperidone"	14	"3356,1813,1814,1815,148,147,3352,3269,150,151,152,3358,3350,1812"
"DB00747"	"Scopolamine"	6	"1128,6476,1129,1131,1132,1133"
"DB00751"	"Epinastine"	6	"3269,3274,148,150,3356,3363"
"DB00753"	"Isoflurane"	25	"2554,27032,2741,2890,3736,513,801,805,808,2554,2555,2556,2557,2558,2559,2560,2561,2562,2563,2564,2565,2566,2567,2568,55879"
"DB00755"	"Tretinoin"	8	"6257,6258,5916,216,9052,190,8854,5918"
"DB00761"	"Potassium Chloride"	6	"6558,6557,57468,9990,10723,6560"
"DB00767"	"Benzquinamide"	6	"3269,1132,1128,1133,1129,1131"
"DB00768"	"Olopatadine"	6	"3269,6271,6283,6285,6284,6273"
"DB00774"	"Hydroflumethiazide"	8	"6557,759,760,762,768,771,476,3778"
"DB00777"	"Propiomazine"	14	"3269,3356,3358,1813,1812,1815,148,147,146,1131,1133,1129,1132,1128"
"DB00780"	"Phenelzine"	6	"4128,4129,8639,18,2875,84706"
"DB00785"	"Cryptenamine"	5	"1129,1128,1131,1132,1133"
"DB00786"	"Marimastat"	23	"4312,4313,4314,4316,4317,4318,4319,4320,4321,4322,4323,4324,4325,4326,4327,9313,118856,8510,10893,64386,56547,64066,79148"
"DB00794"	"Primidone"	27	"2554,2555,2556,2557,2558,2559,1137,1139,89832,2891,2898,2554,2555,2556,2557,2558,2559,2560,2561,2562,2563,2564,2565,2566,2567,2568,55879"
"DB00795"	"Sulfasalazine"	10	"240,5743,5742,5468,1147,3551,23657,38,6916,5319"
"DB00797"	"Tolazoline"	6	"148,150,3269,3274,152,151"
"DB00800"	"Fenoldopam"	8	"1816,1812,151,152,150,147,146,148"
"DB00801"	"Halazepam"	32	"2554,2555,2556,2558,2565,2566,2567,2560,2561,2562,2563,2564,2568,2569,2570,200959,2554,2555,2556,2557,2558,2559,2560,2561,2562,2563,2564,2565,2566,2567,2568,55879"
"DB00805"	"Minaprine"	9	"4128,3357,3356,3358,43,6532,1812,1813,1128"
"DB00806"	"Pentoxifylline"	6	"5142,134,8654,5141,135,4907"
"DB00811"	"Ribavirin"	5	"3614,132,3615,22978,5167"
"DB00818"	"Propofol"	20	"2561,2562,6329,6326,2554,2555,2556,2557,2558,2559,2560,2561,2562,2563,2564,2565,2566,2567,2568,55879"
"DB00819"	"Acetazolamide"	8	"759,760,762,771,23632,761,766,358"
"DB00824"	"Enprofylline"	6	"5141,5142,136,134,135,140"
"DB00829"	"Diazepam"	34	"2554,2555,2556,2558,2560,2561,2562,2565,2566,2567,2563,2564,2568,2569,2570,200959,55879,706,2554,2555,2556,2557,2558,2559,2560,2561,2562,2563,2564,2565,2566,2567,2568,55879"
"DB00831"	"Trifluoperazine"	8	"1813,50632,148,801,805,808,7134,6275"
"DB00835"	"Brompheniramine"	6	"3269,1128,1129,1131,1132,1133"
"DB00836"	"Loperamide"	8	"4988,4985,4986,773,5443,801,805,808"
"DB00842"	"Oxazepam"	35	"2554,2555,2556,2557,2558,2559,2560,2561,2562,2565,2566,2567,2563,2564,2568,2569,2570,200959,55879,2554,2555,2556,2557,2558,2559,2560,2561,2562,2563,2564,2565,2566,2567,2568,55879"
"DB00849"	"Methylphenobarbital"	11	"2554,2555,2556,2557,2558,2559,1137,1139,89832,2891,2898"
"DB00850"	"Perphenazine"	5	"1813,1812,801,805,808"
"DB00852"	"Pseudoephedrine"	20	"6530,6531,148,150,6532,154,153,4772,7124,466,1386,467,468,22809,22926,11016,122953,2353,3725,3558"
"DB00875"	"Flupentixol"	5	"1813,3356,1812,148,1128"
"DB00887"	"Bumetanide"	5	"6557,6558,6560,57468,1080"
"DB00893"	"Iron Dextran"	5	"3043,3039,3040,2495,2512"
"DB00897"	"Triazolam"	36	"2554,2555,2556,2557,2558,2559,2560,2561,2562,2565,2566,2567,2563,2564,2568,2569,2570,200959,55879,706,2554,2555,2556,2557,2558,2559,2560,2561,2562,2563,2564,2565,2566,2567,2568,55879"
"DB00898"	"Ethanol"	52	"2554,116443,2741,2742,782,3359,2555,57053,775,2558,2557,2556,2890,786,1135,2559,2891,2893,2892,1137,1141,3760,3763,7412,2030,3762,1139,89832,55584,2560,2562,2561,779,776,1143,1136,1138,8973,1142,2565,2567,2564,2568,55879,2563,3177,285242,9177,200909,170572,10369,3765"
"DB00904"	"Ondansetron"	5	"3359,3360,4988,3350,3351"
"DB00907"	"Cocaine"	8	"6531,6530,6532,6331,11280,6336,1128,1129"
"DB00909"	"Zonisamide"	31	"6323,6326,6328,6329,6331,6335,11280,6324,6327,55800,6330,8913,8912,8911,759,760,761,762,763,11238,765,766,767,768,56934,770,771,377677,23632,4129,4128"
"DB00925"	"Phenoxybenzamine"	10	"148,150,152,151,801,805,808,154,147,146"
"DB00926"	"Etretinate"	6	"5914,6256,5915,6258,6257,5916"
"DB00934"	"Maprotiline"	17	"6530,3269,1128,1129,1131,1132,1133,148,147,146,3356,3358,3363,1813,150,151,152"
"DB00935"	"Oxymetazoline"	6	"148,150,152,151,147,146"
"DB00939"	"Meclofenamic acid"	5	"5742,5743,240,3785,3786"
"DB00945"	"Acetylsalicylic acid"	18	"5742,5743,1645,5562,5563,5564,5565,5571,51422,53632,1909,3551,7157,3309,6197,4792,4791,4790"
"DB00988"	"Dopamine"	13	"1813,1812,1816,1814,1815,6531,1621,3350,3363,1812,1816,6530,6532"
"DB00996"	"Gabapentin"	11	"781,9254,774,134,2902,2903,2904,2905,2906,116443,116444"
"DB00999"	"Hydrochlorothiazide"	7	"6559,759,760,762,768,771,3778"
"DB01016"	"Glyburide"	10	"6833,3767,3762,10060,8647,19,1080,3767,3764,1374"
"DB01017"	"Minocycline"	7	"3553,240,4318,7422,834,836,54205"
"DB01021"	"Trichlormethiazide"	5	"6557,476,759,760,762"
"DB01023"	"Felodipine"	15	"775,781,783,776,779,8912,9254,801,805,808,5153,5136,4306,7125,7134"
"DB01028"	"Methoxyflurane"	23	"2554,2890,2741,27032,3736,513,4535,2554,2555,2556,2557,2558,2559,2560,2561,2562,2563,2564,2565,2566,2567,2568,55879"
"DB01036"	"Tolterodine"	5	"1131,1129,1133,1128,1132"
"DB01041"	"Thalidomide"	7	"51185,7124,4790,2263,5743,5004,5005"
"DB01043"	"Memantine"	6	"116443,2903,2904,3359,1813,2902"
"DB01045"	"Rifampicin"	7	"8856,10599,6579,28234,1595,213,11309"
"DB01049"	"Ergoloid mesylate"	41	"150,151,152,148,147,146,11309,3350,3351,3352,3354,3355,3356,3357,3358,3359,9177,170572,200909,285242,3360,3362,3363,1812,1813,2554,2555,2556,2557,2558,2559,2560,2561,2562,2563,2564,2565,2566,2567,2568,55879"
"DB01050"	"Ibuprofen"	8	"5743,5742,596,7056,5327,2169,5468,1080"
"DB01054"	"Nitrendipine"	8	"775,781,783,786,776,779,9254,8912"
"DB01064"	"Isoprenaline"	7	"153,154,155,5594,5295,5296,8503"
"DB01065"	"Melatonin"	11	"4543,4544,2099,801,805,808,4353,8288,811,438,4835"
"DB01068"	"Clonazepam"	17	"2554,2555,2556,2557,2558,2559,2560,2561,2562,2563,2564,2565,2566,2567,2568,55879,706"
"DB01069"	"Promethazine"	12	"3269,1813,1128,1129,1131,1132,1133,148,3356,801,805,808"
"DB01088"	"Iloprost"	7	"5739,5731,5141,5142,5143,5144,5327"
"DB01100"	"Pimozide"	6	"1813,1814,3757,801,805,808"
"DB01107"	"Methyprylon"	17	"2554,2554,2555,2556,2557,2558,2559,2560,2561,2562,2563,2564,2565,2566,2567,2568,55879"
"DB01110"	"Miconazole"	14	"4846,4843,3778,3779,10242,27094,27345,3783,3780,3781,3782,3757,81033,90134"
"DB01115"	"Nifedipine"	10	"775,781,783,776,779,801,805,808,3736,8912"
"DB01119"	"Diazoxide"	6	"3767,759,760,476,3778,6559"
"DB01136"	"Carvedilol"	16	"153,148,4718,154,7422,4879,2697,3757,7412,146,147,152,151,150,6401,3091"
"DB01142"	"Doxepin"	23	"3269,3274,6530,6532,3356,3357,3358,1128,1129,1131,1132,1133,148,147,146,3350,150,151,152,1813,3362,59340,3757"
"DB01149"	"Nefazodone"	9	"3356,3358,6532,3350,6530,6531,147,150,148"
"DB01151"	"Desipramine"	21	"6530,6532,3356,154,153,6609,3269,148,147,146,1128,1129,1131,1132,1133,3350,3358,1813,150,151,152"
"DB01159"	"Halothane"	33	"3777,51305,3778,116443,116444,2903,2741,6010,3763,3760,4535,3783,513,27032,2554,54331,387129,2554,2555,2556,2557,2558,2559,2560,2561,2562,2563,2564,2565,2566,2567,2568,55879"
"DB01161"	"Chloroprocaine"	5	"6336,116443,57053,3359,6531"
"DB01162"	"Terazosin"	6	"148,147,146,3757,81033,90134"
"DB01169"	"Arsenic trioxide"	7	"3551,7296,3725,595,5595,5594,207"
"DB01173"	"Orphenadrine"	7	"2906,2902,116444,116443,3269,6530,6336"
"DB01174"	"Phenobarbital"	13	"2554,1137,1139,89832,2891,2898,2902,2903,2904,2905,2906,116443,116444"
"DB01175"	"Escitalopram"	6	"6532,6531,6530,148,1128,3269"
"DB01183"	"Naloxone"	6	"4988,4985,4986,1385,2099,7099"
"DB01186"	"Pergolide"	17	"1813,1814,1815,3350,3357,3356,3352,151,150,152,1816,1812,3351,3358,148,147,146"
"DB01189"	"Desflurane"	22	"2554,2555,2556,2557,2558,2559,2560,2561,2562,2563,2564,2565,2566,2567,2568,55879,2741,2890,3736,27032,513,4535"
"DB01198"	"Zopiclone"	5	"2554,2555,2556,2558,706"
"DB01200"	"Bromocriptine"	18	"1813,1814,3352,150,3350,152,151,3357,1815,3356,3351,3358,1816,1812,148,147,146,3363"
"DB01205"	"Flumazenil"	19	"2554,2566,2558,2554,2555,2556,2557,2558,2559,2560,2561,2562,2563,2564,2565,2566,2567,2568,55879"
"DB01215"	"Estazolam"	32	"2554,2555,2556,2558,2565,2566,2567,2560,2561,2562,2563,2564,2568,2569,2570,200959,2554,2555,2556,2557,2558,2559,2560,2561,2562,2563,2564,2565,2566,2567,2568,55879"
"DB01221"	"Ketamine"	20	"116443,6869,1813,4985,6530,4986,4988,1128,1129,1131,1132,1133,3356,3357,3358,3350,3351,3352,3354,3355"
"DB01224"	"Quetiapine"	26	"3356,1813,3350,3351,3352,3354,3358,3359,3362,3363,1812,1816,1814,1815,3269,148,147,146,150,151,152,1128,1129,1131,1132,1133"
"DB01229"	"Paclitaxel"	6	"81027,596,8856,4134,4133,4137"
"DB01235"	"Levodopa"	5	"1812,1816,1813,1814,1815"
"DB01236"	"Sevoflurane"	23	"2554,2741,2890,3736,27032,513,4535,2554,2555,2556,2557,2558,2559,2560,2561,2562,2563,2564,2565,2566,2567,2568,55879"
"DB01238"	"Aripiprazole"	25	"3356,1813,3350,3351,3352,3354,3358,3359,3362,3363,1812,1816,1814,1815,3269,148,147,150,151,152,1128,1129,1131,1132,1133"
"DB01239"	"Chlorprothixene"	12	"1813,1812,1814,3356,3357,3358,3269,1128,1129,1131,1132,1133"
"DB01242"	"Clomipramine"	6	"6532,3356,3357,3358,6530,2950"
"DB01244"	"Bepridil"	11	"773,8912,9254,476,3784,7134,801,805,808,5153,5136"
"DB01248"	"Docetaxel"	6	"81027,596,4133,4134,4137,8856"
"DB01254"	"Dasatinib"	10	"25,6714,1969,3932,7525,3815,5159,6777,27,2534"
"DB01267"	"Paliperidone"	17	"3356,1813,3269,148,147,1815,3352,1814,3358,150,151,152,3350,1812,1576,1565,1577"
"DB01268"	"Sunitinib"	8	"5159,2321,3815,3791,2324,2322,1436,5156"
"DB01273"	"Varenicline"	5	"1137,1139,89832,1136,8973"
"DB01303"	"Oxtriphylline"	5	"5139,5141,135,134,3066"
"DB01325"	"Quinethazone"	5	"759,760,6557,6558,6559"
"DB01346"	"Quinidine barbiturate"	5	"2554,2555,6331,3775,2891"
"DB01351"	"Amobarbital"	11	"2554,2555,2556,2557,2558,2559,1137,1139,89832,2891,2898"
"DB01352"	"Aprobarbital"	11	"2554,2555,2556,2557,2558,2559,1137,1139,89832,2891,2898"
"DB01353"	"Butethal"	11	"2554,2555,2556,2557,2558,2559,1137,1139,89832,2891,2898"
"DB01354"	"Heptabarbital"	11	"2554,2555,2556,2557,2558,2559,1137,1139,89832,2891,2898"
"DB01355"	"Hexobarbital"	11	"2554,2555,2556,2557,2558,2559,1137,1139,89832,2891,2898"
"DB01363"	"Ephedra"	13	"6531,6530,150,151,152,4128,4129,153,154,155,6532,6571,6570"
"DB01365"	"Mephentermine"	9	"148,147,146,150,151,152,153,154,155"
"DB01373"	"Calcium"	11	"775,27032,7125,7134,6711,6285,831,1311,801,805,808"
"DB01381"	"Ginkgo biloba"	6	"6530,5320,2741,2554,2561,2566"
"DB01388"	"Mibefradil"	11	"8913,8912,775,776,778,8911,779,782,783,784,785"
"DB01392"	"Yohimbine"	18	"150,151,152,3350,3351,3352,1813,1814,3356,3358,3758,3766,3767,3768,3770,3772,3764,3357"
"DB01403"	"Methotrimeprazine"	19	"1813,1812,1816,1814,1815,3356,3358,3269,1128,1129,1131,1132,1133,148,147,146,150,151,152"
"DB01406"	"Danazol"	5	"2099,367,5241,2798,6347"
"DB01407"	"Clenbuterol"	5	"154,153,155,4803,7124"
"DB01411"	"Pranlukast"	6	"10800,7124,3567,6037,4790,4583"
"DB01437"	"Glutethimide"	17	"2554,2554,2555,2556,2557,2558,2559,2560,2561,2562,2563,2564,2565,2566,2567,2568,55879"
"DB01442"	"MMDA"	8	"3356,6531,6532,6530,6571,6570,4128,4129"
"DB01454"	"3,4-Methylenedioxymethamphetamine"	7	"6532,6571,6531,3356,3357,3358,6530"
"DB01472"	"4-Methoxyamphetamine"	7	"6531,6532,6571,148,150,4128,4129"
"DB01483"	"Barbital"	11	"2554,2555,2556,2557,2558,2559,1137,1139,89832,2891,2898"
"DB01496"	"Barbituric acid derivative"	11	"2554,2555,2556,2557,2558,2559,1137,1139,89832,2891,2898"
"DB01497"	"Etorphine"	6	"4988,4985,4986,4987,10206,5443"
"DB01520"	"Tenocyclidine"	6	"116443,116444,2903,2905,2904,2906"
"DB01544"	"Flunitrazepam"	6	"706,2555,2557,2558,2559,2556"
"DB01558"	"Bromazepam"	19	"2554,2555,2556,2557,2558,2559,2560,2561,2562,2565,2566,2567,2563,2564,2568,2569,2570,200959,55879"
"DB01559"	"Clotiazepam"	16	"2554,2555,2556,2558,2565,2566,2567,2560,2561,2562,2563,2564,2568,2569,2570,200959"
"DB01565"	"Dihydromorphine"	5	"4988,4985,4986,10206,5443"
"DB01567"	"Fludiazepam"	16	"2554,2555,2556,2558,2565,2566,2567,2560,2561,2562,2563,2564,2568,2569,2570,200959"
"DB01576"	"Dextroamphetamine"	6	"6571,6530,6531,134864,148,147"
"DB01577"	"Methamphetamine"	11	"6531,6532,6530,6571,6570,134864,150,151,152,4128,4129"
"DB01587"	"Ketazolam"	6	"706,2554,2560,2565,2563,2564"
"DB01588"	"Prazepam"	32	"2554,2555,2556,2558,2565,2566,2567,2560,2561,2562,2563,2564,2568,2569,2570,200959,2554,2555,2556,2557,2558,2559,2560,2561,2562,2563,2564,2565,2566,2567,2568,55879"
"DB01589"	"Quazepam"	31	"2554,2555,2556,2558,2565,2566,2567,2560,2562,2563,2564,2568,2569,2570,200959,2554,2555,2556,2557,2558,2559,2560,2561,2562,2563,2564,2565,2566,2567,2568,55879"
"DB01591"	"Solifenacin"	5	"1131,1128,1129,1132,1133"
"DB01594"	"Cinolazepam"	16	"2554,2555,2556,2558,2565,2566,2567,2560,2561,2562,2563,2564,2568,2569,2570,200959"
"DB01595"	"Nitrazepam"	20	"2554,2555,2556,2557,2558,2559,2560,2561,2562,2565,2566,2567,2563,2564,2568,2569,2570,200959,55879,6323"
"DB01614"	"Acepromazine"	6	"1813,1812,3356,3350,148,147"
"DB01622"	"Thioproperazine"	6	"1813,1812,3356,3350,148,147"
"DB01624"	"Zuclopenthixol"	7	"1812,1816,1813,148,150,3356,3269"
"DB01645"	"Genistein"	6	"2100,7153,2185,8648,2099,10499"
"DB01694"	"D-tartaric acid"	5	"27087,54210,1656,55662,528"
"DB01708"	"Prasterone"	33	"2099,2100,2554,2555,2556,2557,2558,2559,2560,2561,2562,2563,2564,2565,2566,2567,2568,55879,2902,2903,2904,2905,2906,116443,116444,367,3292,6822,6820,5465,10280,8856,9970"
"DB01752"	"S-adenosyl-L-homocysteine"	11	"5110,5409,10196,3176,1787,27232,3276,80854,51611,118881,2593"
"DB01812"	"Adenosine-3'-5'-Diphosphate"	10	"9957,6820,6036,6817,9955,6035,6822,6783,3340,27284"
"DB01863"	"Inositol 1,3,4,5-Tetrakisphosphate"	8	"207,57664,695,27071,3706,9266,9265,5170"
"DB01873"	"Epothilone D"	13	"7278,113457,203068,81027,10383,10382,7277,10381,84790,1962,51807,10376,7846"
"DB01915"	"S-Hydroxycysteine"	5	"718,2950,39,2938,5375"
"DB01942"	"Formic Acid"	12	"3162,6035,1487,8573,87769,5816,98,4842,10243,9266,2246,760"
"DB01972"	"Guanosine-5'-Monophosphate"	7	"2987,1742,2766,8654,3094,471,7053"
"DB01992"	"Coenzyme A"	8	"1622,1384,3156,10524,39,1431,2648,8850"
"DB02010"	"Staurosporine"	12	"3932,5292,3702,6850,9261,2932,1445,1017,5294,5170,5588,7535"
"DB02052"	"Indirubin-3'-Monoxime"	5	"1020,983,2932,8851,1017"
"DB02325"	"Isopropyl Alcohol"	15	"8732,55256,2643,8200,6035,5645,5320,2760,1118,51181,9588,7124,54,191,7919"
"DB02342"	"2-Methoxyestradiol"	5	"3091,1312,1543,1545,1588"
"DB02379"	"Beta-D-Glucose"	25	"5837,2645,360203,10007,53343,8467,276,277,278,1463,197021,279,440021,6614,4151,3957,5742,3098,3963,653499,387266,280,5836,6441,3456"
"DB02482"	"Phosphonothreonine"	9	"6010,5566,5567,1022,6282,6300,5588,6790,5594"
"DB02494"	"Alpha-Hydroxy-Beta-Phenyl-Propionic Acid"	14	"140801,23521,9349,6138,6143,6147,51187,51121,6132,6167,6122,6135,4809,1357"
"DB02506"	"2,6,8-Trimethyl-3-Amino-9-Benzyl-9-Methoxynonanoic Acid"	5	"5499,5518,5515,5527,5520"
"DB02546"	"Vorinostat"	5	"3065,3066,8841,10013,55869"
"DB02659"	"Cholic Acid"	20	"2235,126,2104,2172,1327,4512,4513,4514,9377,1329,1345,1349,1350,1351,1339,1340,1346,5319,1066,2235"
"DB02726"	"2-Phosphoglycolic Acid"	5	"7167,5315,2026,5313,2027"
"DB02733"	"Purvalanol"	5	"1019,5594,5595,1017,6733"
"DB02930"	"Adenosine 5'-[γ-thio]triphosphate"	5	"683,6853,10295,5207,5395"
"DB03010"	"Patupilone"	13	"7278,113457,203068,81027,10383,10382,7277,10381,84790,1962,51807,10376,7846"
"DB03017"	"Lauric Acid"	11	"128,2760,3172,5320,7436,51228,4057,733,26279,23643,7099"
"DB03088"	"Pidolic Acid"	12	"7422,279,7032,10863,440021,3060,6355,280,283,276,277,278"
"DB03092"	"5-Hydroxymethyl-Chonduritol"	5	"276,277,278,279,280"
"DB03127"	"Benzamidine"	9	"5653,5645,5646,475,1632,6768,5328,5644,1457"
"DB03147"	"Flavin adenine dinucleotide"	25	"5447,2639,34,1610,4128,35,259307,4842,1728,56605,2936,1727,4835,3712,7498,1806,7296,27034,9131,1738,51706,4129,2232,51,2671"
"DB03247"	"Riboflavin Monophosphate"	12	"8986,51179,5447,60490,645,54363,55163,55312,4842,1806,1723,6446"
"DB03345"	"Beta-Mercaptoethanol"	5	"2739,55163,5265,3956,22955"
"DB03366"	"Imidazole"	9	"4151,4843,204,5292,4643,11144,4048,10243,54205"
"DB03401"	"1D-myo-inositol 1,4,5-trisphosphate"	7	"9266,29924,5333,5962,6711,3708,3706"
"DB03435"	"Uridine-5'-Diphosphate"	7	"2135,360203,51727,26229,28,27087,2992"
"DB03461"	"2'-Monophosphoadenosine 5'-Diphosphoribose"	28	"125,5447,4199,231,1646,3292,23530,3290,6697,51181,3417,1645,4842,2539,1719,4522,8644,645,1429,79154,3156,4190,7923,10327,1666,2232,22949,57016"
"DB03496"	"Alvocidib"	10	"1017,1020,1025,983,1021,1956,1019,1024,1022,5837"
"DB03685"	"Uridine monophosphate"	5	"54963,360203,11157,2683,3669"
"DB03721"	"N-acetyl-alpha-neuraminic acid"	7	"6614,563,1066,6403,4153,6401,5967"
"DB03754"	"Tromethamine"	5	"124583,79661,262,7422,1634"
"DB03756"	"Doconexent"	6	"5465,5468,6256,6257,6258,6720"
"DB03796"	"Palmitic Acid"	9	"5047,3174,1558,27095,6010,23541,5538,5375,3906"
"DB03814"	"2-(N-Morpholino)-Ethanesulfonic Acid"	13	"43,3290,2683,5860,435,403,26013,590,9588,653509,56269,1215,2950"
"DB03880"	"Batimastat"	5	"4317,4321,4325,10863,11096"
"DB03900"	"2-Methyl-2-Propanol"	6	"6035,7167,10988,801,805,808"
"DB03909"	"Adenosine-5'-[Beta, Gamma-Methylene]Triphosphate"	5	"3643,487,8566,5230,547"
"DB03959"	"N,O6-Disulfo-Glucosamine"	5	"2247,2246,9955,3082,308"
"DB04132"	"S-Hexylglutathione"	5	"2739,2948,2950,2938,2953"
"DB04137"	"Guanosine-5'-Triphosphate"	10	"5868,54963,3265,390,6009,5207,375,2746,122622,5911"
"DB04141"	"2-Hexyloxy-6-Hydroxymethyl-Tetrahydro-Pyran-3,4,5-Triol"	15	"28,1537,4519,7384,7385,7388,27089,7386,7381,29796,6389,6390,6392,2110,6391"
"DB04147"	"Lauryl Dimethylamine-N-Oxide"	7	"4129,11034,6010,4779,5375,1072,1723"
"DB04216"	"Quercetin"	9	"3055,5294,133688,498,506,509,5292,26275,9262"
"DB04272"	"Citric Acid"	23	"259307,4282,58190,9146,4191,1360,11157,59338,733,353,283,7371,10673,635,231,3704,1431,9955,8654,6714,6035,27232,6037"
"DB04315"	"Guanosine-5'-Diphosphate"	37	"122622,7284,1968,2770,2779,9367,4830,6009,998,375,1938,5911,79631,400,5901,7879,56269,2935,5868,3265,1915,387,378,7052,2762,8766,5898,221079,7053,51762,382,403,4831,654364,5879,51128,26225"
"DB04395"	"Phosphoaminophosphonic Acid-Adenylate Ester"	26	"2048,1080,7415,54822,547,7203,6733,6300,2584,5888,2932,1841,3480,5292,3098,3932,1457,1969,5602,11004,3706,7155,2937,5210,1612,58"
"DB04444"	"Tetrafluoroaluminate Ion"	6	"2770,487,2779,51727,4629,79784"
"DB04447"	"1,4-Dithiothreitol"	10	"3956,815,216,54822,4482,8312,5479,7167,2954,3156"
"DB04464"	"N-Formylmethionine"	23	"6035,8192,5875,5876,462,567,4535,795,1327,4512,4513,4514,9377,1329,1345,1349,1350,1351,1339,1340,1346,6285,7316"
"DB04513"	"N-(6-Aminohexyl)-5-Chloro-1-Naphthalenesulfonamide"	5	"801,805,808,7134,7137"
"DB04522"	"Dexfosfoserine"	13	"5566,6317,6010,9344,3749,5967,4087,1080,5170,5292,5588,5836,5837"
"DB04530"	"S,S-(2-Hydroxyethyl)Thiocysteine"	9	"5268,5153,8724,9266,5142,7298,5566,5292,383"
"DB04552"	"Niflumic Acid"	6	"5319,5743,1187,5742,5321,54600"
"DB04716"	"2-(1,1-DIMETHYLETHYL)9-FLUORO-3,6-DIHYDRO-7H-BENZ[H]-IMIDAZ[4,5-F]ISOQUINOLIN-7-ONE"	5	"3717,1613,3716,3718,7297"
"DB04786"	"Suramin"	6	"5029,23408,2492,6261,2147,5320"
"DB04799"	"5-n-undecyl-6-hydroxy-4,7-dioxobenzothiazole"	10	"1537,4519,7384,7385,7388,27089,7386,10975,7381,29796"
"DB04821"	"Nomifensine"	5	"6530,6531,4129,4128,4353"
"DB04841"	"Flunarizine"	7	"8913,8912,8911,3269,801,805,808"
"DB04855"	"Dronedarone"	18	"148,147,146,150,151,152,153,3757,775,776,778,779,782,783,784,785,6323,3776"
"DB04896"	"Milnacipran"	9	"6532,6530,2902,2903,2904,2905,2906,116443,116444"
"DB04946"	"Iloperidone"	11	"3356,1813,1812,1814,1815,3350,3362,3363,148,3269,152"
"DB05004"	"AC162352"	6	"4887,4886,4889,5540,100996758,105379861"
"DB05014"	"XL999"	5	"2261,2260,3791,2322,5159"
"DB05015"	"Belinostat"	11	"3065,83933,79885,3066,8841,9759,10014,10013,51564,55869,9734"
"DB05047"	"CX717"	5	"2893,627,2890,2891,2892"
"DB05087"	"Ganaxolone"	6	"2554,2555,2556,2557,2558,2559"
"DB05147"	"CYT997"	15	"7846,10376,84790,7277,7278,113457,112714,81027,7280,347733,10383,10381,10382,203068,84617"
"DB05210"	"SF1126"	5	"5295,5296,8503,5591,2475"
"DB05241"	"XL765"	5	"5290,5294,5293,5291,2475"
"DB05266"	"Ibudilast"	5	"5141,5142,5143,5144,5139"
"DB05271"	"Rotigotine"	7	"1814,1815,1813,1816,1812,3350,151"
"DB05294"	"Vandetanib"	5	"7422,1956,5753,7010,5979"
"DB05492"	"Epicept NP-1"	12	"4988,3356,3357,3358,148,147,146,150,151,152,3269,4987"
"DB05541"	"Brivaracetam"	15	"9900,6323,6336,11280,6326,6328,6329,6331,6332,6334,6335,6324,6327,55800,6330"
"DB05676"	"Apremilast"	7	"5144,5141,5142,7124,3558,3458,4846"
"DB05740"	"RPI-78M"	7	"1135,1141,1139,89832,1137,57053,55584"
"DB05752"	"ALKS 27"	5	"1128,1129,1131,1132,1133"
"DB05767"	"Andrographolide"	5	"7124,3553,3569,4791,4790"
"DB06016"	"Cariprazine"	6	"1814,1813,3350,3357,3356,3269"
"DB06042"	"ZEN-012"	6	"203068,81027,10381,10382,7153,7155"
"DB06080"	"ABT-869"	6	"2322,2321,3791,2324,3815,1436"
"DB06089"	"ICA-105665"	5	"3784,3786,9132,56479,3785"
"DB06144"	"Sertindole"	8	"1813,3356,3358,3362,3757,148,147,146"
"DB06148"	"Mianserin"	23	"150,3356,3358,3269,6530,6532,59340,3350,152,3357,3355,151,1814,4986,6531,3363,1813,3362,148,147,146,1812,1816"
"DB06151"	"Acetylcysteine"	10	"2937,23657,95,3551,1147,2904,2902,2903,2906,116443"
"DB06204"	"Tapentadol"	6	"4988,6530,4986,4985,3359,6532"
"DB06216"	"Asenapine"	20	"1813,3356,3350,3351,3357,3358,3361,3362,3363,150,151,152,148,1812,1814,1815,3269,3274,153,154"
"DB06262"	"Droxidopa"	10	"148,147,146,150,151,152,153,154,155,5053"
"DB06404"	"Human C1-esterase inhibitor"	7	"715,716,3818,2161,2147,2160,5327"
"DB06579"	"Adipiplon"	9	"2554,2555,2556,2557,2558,2559,2565,2566,2567"
"DB06589"	"Pazopanib"	10	"2321,3791,2324,5156,5159,3815,2261,3702,2246,10019"
"DB06595"	"Midostaurin"	6	"5578,3791,3815,5156,5159,2322"
"DB06603"	"Panobinostat"	11	"3065,83933,79885,3066,8841,9759,10014,10013,51564,55869,9734"
"DB06616"	"Bosutinib"	10	"613,25,4067,3055,6714,1017,5604,5605,10746,818"
"DB06637"	"Dalfampridine"	16	"3736,3737,3738,3739,3741,3742,3743,3744,3745,9312,3746,3747,3748,3750,3751,3752"
"DB06678"	"Esmirtazapine"	7	"3269,3356,3357,3358,150,151,152"
"DB06694"	"Xylometazoline"	6	"148,150,151,147,146,152"
"DB06702"	"Fesoterodine"	5	"1131,1132,1128,1129,1133"
"DB06712"	"Nilvadipine"	6	"775,781,783,776,779,55799"
"DB06738"	"Ketobemidone"	10	"4988,4986,4985,2902,2903,2904,2905,2906,116443,116444"
"DB06741"	"Gavestinel"	7	"2902,2903,2904,2905,2906,116443,116444"
"DB07080"	"N-(2,2,2-TRIFLUOROETHYL)-N-{4-[2,2,2-TRIFLUORO-1-HYDROXY-1-(TRIFLUOROMETHYL)ETHYL]PHENYL}BENZENESULFONAMIDE"	6	"7376,10499,6257,10062,8648,8856"
"DB07374"	"Anisomycin"	13	"140801,23521,9349,6138,6143,6147,51187,51121,6132,6167,6122,6135,4809"
"DB07401"	"METHYL (2Z)-2-(2-{[6-(2-CYANOPHENOXY)PYRIMIDIN-4-YL]OXY}PHENYL)-3-METHOXYACRYLATE"	10	"1537,4519,7384,7385,7388,27089,7386,10975,7381,29796"
"DB07574"	"2-MERCAPTO-N-[1,2,3,10-TETRAMETHOXY-9-OXO-5,6,7,9-TETRAHYDRO-BENZO[A]HEPTALEN-7-YL]ACETAMIDE"	5	"81551,347733,7846,84790,10376"
"DB07636"	"5-HEPTYL-6-HYDROXY-1,3-BENZOTHIAZOLE-4,7-DIONE"	5	"4519,7386,1537,7381,29796"
"DB07664"	"5-AMINO-3-{[4-(AMINOSULFONYL)PHENYL]AMINO}-N-(2,6-DIFLUOROPHENYL)-1H-1,2,4-TRIAZOLE-1-CARBOTHIOAMIDE"	5	"1456,9748,814,1198,27"
"DB07763"	"(5S)-3-ANILINO-5-(2,4-DIFLUOROPHENYL)-5-METHYL-1,3-OXAZOLIDINE-2,4-DIONE"	10	"1537,4519,7384,7385,7388,27089,7386,10975,7381,29796"
"DB07778"	"FAMOXADONE"	10	"1537,4519,7384,7385,7388,27089,7386,10975,7381,29796"
"DB07780"	"FARNESYL DIPHOSPHATE"	8	"2339,2342,100529261,3845,2224,9453,5875,5876"
"DB07841"	"Geranylgeranyl diphosphate"	8	"2339,5229,2342,100529261,9453,2224,5875,5876"
"DB07954"	"3-isobutyl-1-methyl-7H-xanthine"	8	"8654,5140,5150,5144,5152,5151,5138,5148"
"DB08231"	"MYRISTIC ACID"	22	"5569,5566,10455,5957,801,805,808,25,3172,8648,2280,5534,5530,27095,3630,2760,382,23643,375,2978,5817,7099"
"DB08235"	"N-[2-(2-methyl-1H-indol-3-yl)ethyl]thiophene-2-carboxamide"	7	"10095,10097,10096,10109,10094,10093,10092"
"DB08236"	"(2S)-2-(3-bromophenyl)-3-(5-chloro-2-hydroxyphenyl)-1,3-thiazolidin-4-one"	7	"10095,10097,10096,10109,10094,10093,10092"
"DB08330"	"METHYL (2Z)-3-METHOXY-2-{2-[(E)-2-PHENYLVINYL]PHENYL}ACRYLATE"	10	"1537,4519,7384,7385,7388,27089,7386,10975,7381,29796"
"DB08342"	"S-PALMITOYL-L-CYSTEINE"	6	"79090,27095,122553,126003,51399,58485"
"DB08437"	"Puromycin"	12	"140801,23521,9349,6138,6143,6147,51187,51121,6132,6167,6122,6135"
"DB08453"	"2-NONYL-4-HYDROXYQUINOLINE N-OXIDE"	10	"1537,4519,7384,7385,7388,27089,7386,10975,7381,29796"
"DB08515"	"(3AR,6R,6AS)-6-((S)-((S)-CYCLOHEX-2-ENYL)(HYDROXY)METHYL)-6A-METHYL-4-OXO-HEXAHYDRO-2H-FURO[3,2-C]PYRROLE-6-CARBALDEHYDE"	14	"5682,5683,5684,5685,5686,5687,5688,5689,5690,5691,5692,5693,5694,5695"
"DB08690"	"UBIQUINONE-2"	10	"1537,4519,7384,7385,7388,27089,7386,10975,7381,29796"
"DB08807"	"Bopindolol"	5	"153,154,3350,3351,155"
"DB08815"	"Lurasidone"	6	"1813,3356,3363,3350,152,150"
"DB08818"	"Hyaluronic acid"	15	"960,3383,3161,1463,1462,708,1404,145864,404037,3026,143903,55576,7130,50939,22927"
"DB08838"	"Agmatine"	7	"152,11188,1134,2902,3758,774,9311"
"DB08846"	"Ellagic Acid"	17	"759,760,761,762,763,11238,765,766,768,771,23632,1457,5566,5578,5579,6850,6713"
"DB08889"	"Carfilzomib"	6	"5693,5696,5689,5698,5690,5699"
"DB08896"	"Regorafenib"	18	"2321,3791,2324,3815,5156,5159,2260,2263,7010,4921,4914,1969,5894,673,5600,2444,25,5979"
"DB08897"	"Aclidinium"	5	"1128,1129,1131,1132,1133"
"DB08901"	"Ponatinib"	15	"25,613,3815,5979,7010,2322,2260,2263,2261,2264,3932,6714,4067,3791,5156"
"DB08912"	"Dabrafenib"	6	"673,5894,150094,102724428,79858,3984"
"DB08922"	"Perospirone"	8	"3356,1813,3350,3269,1815,148,147,146"
"DB09028"	"Cytisine"	5	"1137,1139,89832,1136,8973"
"DB09068"	"Vortioxetine"	6	"6532,3359,3363,3351,3350,153"
"DB09076"	"Umeclidinium"	5	"1128,1129,1131,1132,1133"
"DB09078"	"Lenvatinib"	8	"2321,3791,2324,2260,2263,2261,2264,3815"
"DB09079"	"Nintedanib"	10	"2321,3791,2324,2260,2263,2261,2322,3932,4067,6714"
"DB09089"	"Trimebutine"	21	"4988,775,776,778,779,782,783,784,785,3778,3779,10242,27094,27345,3783,3780,3781,3782,8913,8912,8911"
"DB09118"	"Stiripentol"	18	"2554,2555,2556,2557,2558,2559,2560,2561,2562,2563,2564,2565,2566,2567,2568,55879,3939,3945"
"DB09128"	"Brexpiprazole"	5	"3350,1813,3356,152,147"
"DB09166"	"Etizolam"	5	"2554,2555,2556,2566,5724"
"DB09167"	"Dosulepin"	16	"3350,3356,3269,1128,1129,1131,1132,1133,150,151,152,148,147,146,6530,6532"
"DB09202"	"Cirazoline"	6	"148,147,146,150,151,152"
"DB09213"	"Dexibuprofen"	8	"5743,5742,596,7056,5327,2169,5468,1080"
"DB09228"	"Conestat alfa"	7	"715,716,3818,2161,2147,2160,5327"
"DB09283"	"Trapidil"	21	"5136,5153,5137,10846,5141,5142,5143,5144,27115,5138,5139,5140,8654,5146,50940,5150,5151,8622,5152,5145,5158"
"DB09304"	"Setiptiline"	19	"150,151,152,3350,3351,3352,3354,3355,3356,3357,3358,3359,9177,170572,200909,285242,3360,3362,3363"
"DB09409"	"Magnesium acetate tetrahydrate"	7	"2902,2903,2904,2905,2906,116443,116444"
"DB09462"	"Glycerin"	13	"5467,27306,2950,30814,51477,125,3708,5047,4668,7048,375,9061,1787"
"DB09481"	"Magnesium carbonate"	7	"2902,2903,2904,2905,2906,116443,116444"
"DB11093"	"Calcium Citrate"	32	"846,811,10519,10016,6717,11261,6678,821,2201,6285,845,9104,553115,6277,7178,10518,6284,844,4924,4925,801,805,808,84467,25801,8618,140576,794,93664,125972,9378,23413"
"DB11348"	"Calcium Phosphate"	32	"846,811,10519,10016,6717,11261,6678,821,2201,6285,845,9104,553115,6277,7178,10518,6284,844,4924,4925,801,805,808,84467,25801,8618,140576,794,93664,125972,9378,23413"
"DB11582"	"Thiocolchicoside"	18	"2554,2555,2556,2557,2558,2559,2560,2561,2562,2563,2564,2565,2566,2567,2568,55879,2741,8600"
"DB11994"	"Diacerein"	12	"10062,7376,240,1544,1576,64816,1577,1551,100861540,1571,1559,1565"
"DB12598"	"Nafamostat"	6	"2147,2159,2161,5644,3816,3383"
"DB12742"	"Amuvatinib"	6	"3815,4233,5979,5156,2322,5888"
"DB13025"	"Tiapride"	25	"1813,1814,3350,3351,3352,3354,3355,3356,3357,3358,3359,9177,170572,200909,285242,3360,3362,3363,148,147,146,150,151,152,3269"
"DB13151"	"Anti-inhibitor coagulant complex"	8	"2159,2147,2243,2244,2162,2153,2157,2155"
"DB13152"	"Coagulation Factor IX Human"	7	"2159,2160,2155,2157,2147,4035,2677"
